201910040645,857,毕节,1134.56
201910040650,857,毕节,1229.36
201910040655,857,毕节,1313.74
201910040700,857,毕节,1448.28
201910040705,857,毕节,1582.32
201910040710,857,毕节,1669.70
201910040715,857,毕节,1779.50
201910040720,857,毕节,1844.34
201910040725,857,毕节,1968.75
201910040730,857,毕节,2051.18
201910040735,857,毕节,2066.90
201910040740,857,毕节,2183.22
201910040745,857,毕节,2253.89
201910040750,857,毕节,2322.40
201910040755,857,毕节,2370.28
201910040800,857,毕节,2397.03
201910040805,857,毕节,2536.01
201910040810,857,毕节,2525.31
201910040815,857,毕节,2612.06
201910040820,857,毕节,2632.37
201910040825,857,毕节,2689.07
201910040830,857,毕节,2742.42
201910040835,857,毕节,2724.69
201910040840,857,毕节,2798.07
201910040845,857,毕节,2737.41
201910040850,857,毕节,2889.92
201910040855,857,毕节,2846.09
201910040900,857,毕节,2885.58
201910040905,857,毕节,2965.07
201910040910,857,毕节,2931.01
201910040915,857,毕节,2940.85
201910040920,857,毕节,2972.09
201910040925,857,毕节,3046.83
201910040930,857,毕节,2983.33
201910040935,857,毕节,3028.70
201910040940,857,毕节,3059.64
201910040945,857,毕节,3070.98
201910040950,857,毕节,3076.16
201910040955,857,毕节,3118.16
201910041000,857,毕节,3190.42
201910041005,857,毕节,3239.67
201910041010,857,毕节,3190.08
201910041015,857,毕节,3283.80
201910041020,857,毕节,3322.13
201910041025,857,毕节,3321.62
201910041030,857,毕节,3294.48
201910041035,857,毕节,3382.65
201910041040,857,毕节,3325.92
201910041045,857,毕节,3343.29
201910041050,857,毕节,3356.25
201910041055,857,毕节,3433.31
201910041100,857,毕节,3363.11
201910041105,857,毕节,3432.60
201910041110,857,毕节,3426.78
201910041115,857,毕节,3484.96
201910041120,857,毕节,3422.19
201910041125,857,毕节,3534.71
201910041130,857,毕节,3536.19
201910041135,857,毕节,3499.52
201910041140,857,毕节,3466.81
201910041145,857,毕节,3561.29
201910041150,857,毕节,3495.19
201910041155,857,毕节,3503.87
201910041200,857,毕节,3478.57
201910041205,857,毕节,3485.60
201910041210,857,毕节,3537.28
201910041215,857,毕节,3680.43
201910041220,857,毕节,3713.61
201910041225,857,毕节,3640.78
201910041230,857,毕节,3697.28
201910041235,857,毕节,3684.46
201910041240,857,毕节,3756.68
201910041245,857,毕节,3848.06
201910041250,857,毕节,3781.96
201910041255,857,毕节,3789.38
201910041300,857,毕节,3778.87
201910041305,857,毕节,3729.84
201910041310,857,毕节,3759.60
201910041315,857,毕节,3711.71
201910041320,857,毕节,3732.65
201910041325,857,毕节,3733.10
201910041330,857,毕节,3790.79
201910041335,857,毕节,3673.59
201910041340,857,毕节,3704.02
201910041345,857,毕节,3745.47
201910041350,857,毕节,3745.52
201910041355,857,毕节,3746.48
201910041400,857,毕节,3621.61
201910041405,857,毕节,3608.18
201910041410,857,毕节,3711.83
201910041415,857,毕节,3658.72
201910041420,857,毕节,3735.46
201910041425,857,毕节,3648.75
201910041430,857,毕节,3660.33
201910041435,857,毕节,3667.00
201910041440,857,毕节,3688.10
201910041445,857,毕节,3738.87
201910041450,857,毕节,3667.78
201910041455,857,毕节,3645.92
201910041500,857,毕节,3659.10
201910041505,857,毕节,3712.31
201910041510,857,毕节,3724.88
201910041515,857,毕节,3548.99
201910041520,857,毕节,3723.55
201910041525,857,毕节,3665.69
201910041530,857,毕节,3729.49
201910041535,857,毕节,3652.01
201910041540,857,毕节,3796.80
201910041545,857,毕节,3740.40
201910041550,857,毕节,3696.90
201910041555,857,毕节,3697.12
201910041600,857,毕节,3701.62
201910041605,857,毕节,3731.53
201910041610,857,毕节,3686.39
201910041615,857,毕节,3690.61
201910041620,857,毕节,3700.25
201910041625,857,毕节,3727.91
201910041630,857,毕节,3784.64
201910041635,857,毕节,3771.78
201910041640,857,毕节,3809.95
201910041645,857,毕节,3720.64
201910041650,857,毕节,3694.86
201910041655,857,毕节,3747.78
201910041700,857,毕节,3725.09
201910041705,857,毕节,3710.47
201910041710,857,毕节,3716.12
201910041715,857,毕节,3764.60
201910041720,857,毕节,3768.06
201910041725,857,毕节,3731.70
201910041730,857,毕节,3791.10
201910041735,857,毕节,3770.42
201910041740,857,毕节,3807.07
201910041745,857,毕节,3800.25
201910041750,857,毕节,3843.54
201910041755,857,毕节,3791.18
201910041800,857,毕节,3791.82
201910041805,857,毕节,3808.76
201910041810,857,毕节,3786.24
201910041815,857,毕节,3884.70
201910041820,857,毕节,3859.16
201910041825,857,毕节,3916.36
201910041830,857,毕节,3954.19
201910041835,857,毕节,3944.75
201910041840,857,毕节,3999.03
201910041845,857,毕节,4006.06
201910041850,857,毕节,4132.28
201910041855,857,毕节,4097.34
201910041900,857,毕节,4158.41
201910041905,857,毕节,4191.30
201910041910,857,毕节,4235.20
201910041915,857,毕节,4367.14
201910041920,857,毕节,4463.22
201910041925,857,毕节,4517.33
201910041930,857,毕节,4593.52
201910041935,857,毕节,4687.95
201910041940,857,毕节,4772.84
201910041945,857,毕节,4845.77
201910041950,857,毕节,4994.14
201910041955,857,毕节,5007.20
201910042000,857,毕节,5073.88
201910042005,857,毕节,5158.15
201910042010,857,毕节,5231.60
201910042015,857,毕节,5366.73
201910042020,857,毕节,5373.39
201910042025,857,毕节,5424.15
201910042030,857,毕节,5340.56
201910042035,857,毕节,5414.59
201910042040,857,毕节,5324.54
201910042045,857,毕节,5466.19
201910042050,857,毕节,5398.98
201910042055,857,毕节,5395.71
201910042100,857,毕节,5450.30
201910042105,857,毕节,5520.47
201910042110,857,毕节,5435.80
201910042115,857,毕节,5380.58
201910042120,857,毕节,5396.27
201910042125,857,毕节,5233.64
201910042130,857,毕节,5501.82
201910042135,857,毕节,5378.62
201910042140,857,毕节,5204.82
201910042145,857,毕节,5247.01
201910042150,857,毕节,5247.18
201910042155,857,毕节,5306.31
201910042200,857,毕节,5270.65
201910042205,857,毕节,5075.62
201910042210,857,毕节,5048.76
201910042215,857,毕节,5073.17
201910042220,857,毕节,4999.67
201910042225,857,毕节,4884.60
201910042230,857,毕节,4733.26
201910042235,857,毕节,4791.03
201910042240,857,毕节,4668.52
201910042245,857,毕节,4493.60
201910042250,857,毕节,4477.28
201910042255,857,毕节,4386.19
201910042300,857,毕节,4288.86
201910042305,857,毕节,4140.51
201910042310,857,毕节,4165.44
201910042315,857,毕节,4048.94
201910042320,857,毕节,3909.24
201910042325,857,毕节,3772.29
201910042330,857,毕节,3665.69
201910042335,857,毕节,3600.64
201910042340,857,毕节,3425.26
201910042345,857,毕节,3344.88
201910042350,857,毕节,3313.95
201910042355,857,毕节,3181.55
201910050000,857,毕节,3121.41
201910050005,857,毕节,2997.08
201910050010,857,毕节,2886.33
201910050015,857,毕节,2766.19
201910050020,857,毕节,2674.47
201910050025,857,毕节,2568.40
201910050030,857,毕节,2503.34
201910050035,857,毕节,2420.32
201910050040,857,毕节,2311.43
201910050045,857,毕节,2233.92
201910050050,857,毕节,2106.00
201910050055,857,毕节,2020.46
201910050100,857,毕节,1972.47
201910050105,857,毕节,1905.63
201910050110,857,毕节,1792.69
201910050115,857,毕节,1756.54
201910050120,857,毕节,1698.87
201910050125,857,毕节,1604.46
201910050130,857,毕节,1572.62
201910050135,857,毕节,1481.40
201910050140,857,毕节,1437.60
201910050145,857,毕节,1387.84
201910050150,857,毕节,1329.08
201910050155,857,毕节,1257.39
201910050200,857,毕节,1251.00
201910050205,857,毕节,1169.38
201910050210,857,毕节,1133.55
201910050215,857,毕节,1103.44
201910050220,857,毕节,1043.27
201910050225,857,毕节,994.16
201910050230,857,毕节,993.21
201910050235,857,毕节,943.51
201910050240,857,毕节,911.25
201910050245,857,毕节,888.25
201910050250,857,毕节,876.54
201910050255,857,毕节,850.52
201910050300,857,毕节,813.30
201910050305,857,毕节,782.54
201910050310,857,毕节,772.30
201910050315,857,毕节,746.59
201910050320,857,毕节,717.19
201910050325,857,毕节,700.47
201910050330,857,毕节,691.22
201910050335,857,毕节,639.65
201910050340,857,毕节,635.58
201910050345,857,毕节,617.45
201910050350,857,毕节,607.15
201910050355,857,毕节,586.43
201910050400,857,毕节,582.76
201910050405,857,毕节,554.64
201910050410,857,毕节,538.52
201910050415,857,毕节,552.43
201910050420,857,毕节,512.39
201910050425,857,毕节,517.79
201910050430,857,毕节,494.92
201910050435,857,毕节,492.51
201910050440,857,毕节,487.54
201910050445,857,毕节,461.61
201910050450,857,毕节,465.85
201910050455,857,毕节,468.05
201910050500,857,毕节,445.90
201910050505,857,毕节,465.68
201910050510,857,毕节,461.14
201910050515,857,毕节,451.83
201910050520,857,毕节,479.99
201910050525,857,毕节,477.89
201910050530,857,毕节,479.83
201910050535,857,毕节,498.31
201910050540,857,毕节,496.32
201910050545,857,毕节,514.35
201910050550,857,毕节,530.45
201910050555,857,毕节,568.91
201910050600,857,毕节,605.07
201910050605,857,毕节,618.18
201910050610,857,毕节,654.26
201910050615,857,毕节,690.10
201910050620,857,毕节,739.12
201910050625,857,毕节,800.80
201910050630,857,毕节,848.01
201910050635,857,毕节,928.54
201910050640,857,毕节,1012.60
201910050645,857,毕节,1078.08
201910050650,857,毕节,1179.07
201910050655,857,毕节,1284.50
201910050700,857,毕节,1428.36
201910050705,857,毕节,1581.81
201910050710,857,毕节,1707.81
201910050715,857,毕节,1802.40
201910050720,857,毕节,1920.26
201910050725,857,毕节,2000.54
201910050730,857,毕节,2139.52
201910050735,857,毕节,2208.41
201910050740,857,毕节,2345.47
201910050745,857,毕节,2386.80
201910050750,857,毕节,2474.16
201910050755,857,毕节,2524.99
201910050800,857,毕节,2585.50
201910050805,857,毕节,2699.80
201910050810,857,毕节,2708.67
201910050815,857,毕节,2794.28
201910050820,857,毕节,2817.34
201910050825,857,毕节,2845.54
201910050830,857,毕节,2890.47
201910050835,857,毕节,2918.43
201910050840,857,毕节,2945.35
201910050845,857,毕节,2952.04
201910050850,857,毕节,3026.56
201910050855,857,毕节,3039.76
201910050900,857,毕节,3092.07
201910050905,857,毕节,3193.37
201910050910,857,毕节,3112.15
201910050915,857,毕节,3137.54
201910050920,857,毕节,3140.02
201910050925,857,毕节,3177.07
201910050930,857,毕节,3221.98
201910050935,857,毕节,3215.68
201910050940,857,毕节,3301.96
201910050945,857,毕节,3256.58
201910050950,857,毕节,3327.71
201910050955,857,毕节,3286.27
201910051000,857,毕节,3336.22
201910051005,857,毕节,3403.62
201910051010,857,毕节,3457.36
201910051015,857,毕节,3397.91
201910051020,857,毕节,3366.74
201910051025,857,毕节,3388.87
201910051030,857,毕节,3414.89
201910051035,857,毕节,3434.16
201910051040,857,毕节,3413.62
201910051045,857,毕节,3465.12
201910051050,857,毕节,3542.02
201910051055,857,毕节,3502.28
201910051100,857,毕节,3485.01
201910051105,857,毕节,3488.38
201910051110,857,毕节,3577.71
201910051115,857,毕节,3512.53
201910051120,857,毕节,3560.43
201910051125,857,毕节,3507.66
201910051130,857,毕节,3594.12
201910051135,857,毕节,3526.00
201910051140,857,毕节,3545.40
201910051145,857,毕节,3544.84
201910051150,857,毕节,3515.03
201910051155,857,毕节,3632.68
201910051200,857,毕节,3515.38
201910051205,857,毕节,3506.69
201910051210,857,毕节,3635.71
201910051215,857,毕节,3568.44
201910051220,857,毕节,3690.16
201910051225,857,毕节,3613.68
201910051230,857,毕节,3736.44
201910051235,857,毕节,3611.49
201910051240,857,毕节,3757.63
201910051245,857,毕节,3677.08
201910051250,857,毕节,3764.17
201910051255,857,毕节,3639.19
201910051300,857,毕节,3723.08
201910051305,857,毕节,3623.74
201910051310,857,毕节,3597.70
201910051315,857,毕节,3590.90
201910051320,857,毕节,3569.84
201910051325,857,毕节,3642.58
201910051330,857,毕节,3534.18
201910051335,857,毕节,3527.90
201910051340,857,毕节,3603.44
201910051345,857,毕节,3543.43
201910051350,857,毕节,3607.08
201910051355,857,毕节,3523.18
201910051400,857,毕节,3556.93
201910051405,857,毕节,3589.93
201910051410,857,毕节,3578.45
201910051415,857,毕节,3516.46
201910051420,857,毕节,3608.82
201910051425,857,毕节,3498.54
201910051430,857,毕节,3572.98
201910051435,857,毕节,3577.06
201910051440,857,毕节,3581.32
201910051445,857,毕节,3469.69
201910051450,857,毕节,3564.66
201910051455,857,毕节,3508.93
201910051500,857,毕节,3491.18
201910051505,857,毕节,3457.18
201910051510,857,毕节,3579.99
201910051515,857,毕节,3504.92
201910051520,857,毕节,3582.37
201910051525,857,毕节,3516.55
201910051530,857,毕节,3603.80
201910051535,857,毕节,3492.10
201910051540,857,毕节,3530.98
201910051545,857,毕节,3526.56
201910051550,857,毕节,3568.00
201910051555,857,毕节,3510.85
201910051600,857,毕节,3546.31
201910051605,857,毕节,3485.09
201910051610,857,毕节,3617.31
201910051615,857,毕节,3539.76
201910051620,857,毕节,3623.79
201910051625,857,毕节,3561.20
201910051630,857,毕节,3641.26
201910051635,857,毕节,3565.17
201910051640,857,毕节,3678.20
201910051645,857,毕节,3674.63
201910051650,857,毕节,3717.35
201910051655,857,毕节,3619.26
201910051700,857,毕节,3701.14
201910051705,857,毕节,3659.47
201910051710,857,毕节,3716.95
201910051715,857,毕节,3628.12
201910051720,857,毕节,3711.29
201910051725,857,毕节,3694.58
201910051730,857,毕节,3639.56
201910051735,857,毕节,3603.43
201910051740,857,毕节,3657.64
201910051745,857,毕节,3688.72
201910051750,857,毕节,3651.67
201910051755,857,毕节,3604.00
201910051800,857,毕节,3653.19
201910051805,857,毕节,3677.43
201910051810,857,毕节,3619.83
201910051815,857,毕节,3645.10
201910051820,857,毕节,3770.37
201910051825,857,毕节,3655.01
201910051830,857,毕节,3669.83
201910051835,857,毕节,3619.52
201910051840,857,毕节,3837.91
201910051845,857,毕节,3778.65
201910051850,857,毕节,3825.25
201910051855,857,毕节,3798.46
201910051900,857,毕节,0.00
201910051905,857,毕节,3863.20
201910051910,857,毕节,3960.09
201910051915,857,毕节,4230.13
201910051920,857,毕节,4323.14
201910051925,857,毕节,4283.77
201910051930,857,毕节,4464.47
201910051935,857,毕节,4531.07
201910051940,857,毕节,4510.27
201910051945,857,毕节,4613.74
201910051950,857,毕节,4754.65
201910051955,857,毕节,4699.71
201910052000,857,毕节,4803.99
201910052005,857,毕节,4837.63
201910052010,857,毕节,4989.85
201910052015,857,毕节,4991.92
201910052020,857,毕节,5017.16
201910052025,857,毕节,5172.36
201910052030,857,毕节,5096.26
201910052035,857,毕节,5230.16
201910052040,857,毕节,5131.93
201910052045,857,毕节,5134.53
201910052050,857,毕节,5187.86
201910052055,857,毕节,5197.99
201910052100,857,毕节,5308.87
201910052105,857,毕节,5264.38
201910052110,857,毕节,5313.24
201910052115,857,毕节,5139.97
201910052120,857,毕节,5089.29
201910052125,857,毕节,5192.70
201910052130,857,毕节,5326.71
201910052135,857,毕节,5267.06
201910052140,857,毕节,5177.04
201910052145,857,毕节,5085.82
201910052150,857,毕节,5273.46
201910052155,857,毕节,5221.86
201910052200,857,毕节,5058.94
201910052205,857,毕节,5134.35
201910052210,857,毕节,5118.91
201910052215,857,毕节,5012.99
201910052220,857,毕节,4809.63
201910052225,857,毕节,4903.28
201910052230,857,毕节,4993.31
201910052235,857,毕节,4845.15
201910052240,857,毕节,4765.28
201910052245,857,毕节,4705.49
201910052250,857,毕节,4694.29
201910052255,857,毕节,4553.14
201910052300,857,毕节,4517.47
201910052305,857,毕节,4370.42
201910052310,857,毕节,4311.84
201910052315,857,毕节,4173.85
201910052320,857,毕节,4057.82
201910052325,857,毕节,3948.62
201910052330,857,毕节,3933.94
201910052335,857,毕节,3724.75
201910052340,857,毕节,3726.55
201910052345,857,毕节,3563.05
201910052350,857,毕节,3555.84
201910052355,857,毕节,3359.70
201910060000,857,毕节,3328.96
201910060005,857,毕节,3155.02
201910060010,857,毕节,3091.10
201910060015,857,毕节,2986.13
201910060020,857,毕节,2826.62
201910060025,857,毕节,2784.94
201910060030,857,毕节,2527.79
201910060035,857,毕节,2593.81
201910060040,857,毕节,2468.38
201910060045,857,毕节,2398.38
201910060050,857,毕节,2323.31
201910060055,857,毕节,2239.16
201910060100,857,毕节,2152.98
201910060105,857,毕节,1999.07
201910060110,857,毕节,1979.08
201910060115,857,毕节,1857.17
201910060120,857,毕节,1822.23
201910060125,857,毕节,1719.87
201910060130,857,毕节,1667.57
201910060135,857,毕节,1571.86
201910060140,857,毕节,1543.34
201910060145,857,毕节,1454.64
201910060150,857,毕节,1396.84
201910060155,857,毕节,1345.38
201910060200,857,毕节,1308.52
201910060205,857,毕节,1302.44
201910060210,857,毕节,1244.02
201910060215,857,毕节,1211.21
201910060220,857,毕节,1175.91
201910060225,857,毕节,1130.11
201910060230,857,毕节,1087.21
201910060235,857,毕节,1025.55
201910060240,857,毕节,1005.27
201910060245,857,毕节,940.31
201910060250,857,毕节,936.80
201910060255,857,毕节,896.69
201910060300,857,毕节,871.20
201910060305,857,毕节,840.13
201910060310,857,毕节,820.21
201910060315,857,毕节,784.44
201910060320,857,毕节,751.94
201910060325,857,毕节,730.44
201910060330,857,毕节,712.78
201910060335,857,毕节,680.35
201910060340,857,毕节,681.34
201910060345,857,毕节,651.40
201910060350,857,毕节,648.70
201910060355,857,毕节,636.95
201910060400,857,毕节,594.87
201910060405,857,毕节,578.83
201910060410,857,毕节,575.94
201910060415,857,毕节,570.05
201910060420,857,毕节,546.82
201910060425,857,毕节,539.48
201910060430,857,毕节,520.43
201910060435,857,毕节,510.08
201910060440,857,毕节,517.41
201910060445,857,毕节,516.12
201910060450,857,毕节,508.70
201910060455,857,毕节,478.98
201910060500,857,毕节,499.76
201910060505,857,毕节,490.19
201910060510,857,毕节,479.17
201910060515,857,毕节,480.26
201910060520,857,毕节,490.21
201910060525,857,毕节,493.62
201910060530,857,毕节,517.45
201910060535,857,毕节,506.43
201910060540,857,毕节,530.13
201910060545,857,毕节,530.99
201910060550,857,毕节,546.93
201910060555,857,毕节,577.14
201910060600,857,毕节,602.17
201910060605,857,毕节,658.02
201910060610,857,毕节,674.77
201910060615,857,毕节,732.58
201910060620,857,毕节,770.07
201910060625,857,毕节,798.00
201910060630,857,毕节,870.03
201910060635,857,毕节,923.36
201910060640,857,毕节,1021.07
201910060645,857,毕节,1088.38
201910060650,857,毕节,1223.06
201910060655,857,毕节,1330.49
201910060700,857,毕节,1418.49
201910060705,857,毕节,1521.11
201910060710,857,毕节,1607.39
201910060715,857,毕节,1712.23
201910060720,857,毕节,1775.19
201910060725,857,毕节,1882.87
201910060730,857,毕节,1960.49
201910060735,857,毕节,1975.80
201910060740,857,毕节,2047.98
201910060745,857,毕节,2123.75
201910060750,857,毕节,2189.90
201910060755,857,毕节,2197.21
201910060800,857,毕节,2268.38
201910060805,857,毕节,2294.38
201910060810,857,毕节,2342.26
201910060815,857,毕节,2445.63
201910060820,857,毕节,2455.87
201910060825,857,毕节,2502.61
201910060830,857,毕节,2486.25
201910060835,857,毕节,2513.57
201910060840,857,毕节,2609.48
201910060845,857,毕节,2549.21
201910060850,857,毕节,2650.27
201910060855,857,毕节,2609.04
201910060900,857,毕节,2665.65
201910060905,857,毕节,2740.94
201910060910,857,毕节,2764.91
201910060915,857,毕节,2799.96
201910060920,857,毕节,2757.03
201910060925,857,毕节,2768.88
201910060930,857,毕节,2782.43
201910060935,857,毕节,2876.07
201910060940,857,毕节,2833.96
201910060945,857,毕节,2849.93
201910060950,857,毕节,2950.22
201910060955,857,毕节,2899.39
201910061000,857,毕节,3045.13
201910061005,857,毕节,2976.99
201910061010,857,毕节,2996.43
201910061015,857,毕节,3050.49
201910061020,857,毕节,3139.95
201910061025,857,毕节,3088.67
201910061030,857,毕节,3100.83
201910061035,857,毕节,3095.08
201910061040,857,毕节,3173.87
201910061045,857,毕节,3208.42
201910061050,857,毕节,3135.83
201910061055,857,毕节,3146.23
201910061100,857,毕节,3164.22
201910061105,857,毕节,3184.27
201910061110,857,毕节,3240.92
201910061115,857,毕节,3195.34
201910061120,857,毕节,3265.55
201910061125,857,毕节,3315.71
201910061130,857,毕节,3237.72
201910061135,857,毕节,3262.93
201910061140,857,毕节,3273.93
201910061145,857,毕节,3260.67
201910061150,857,毕节,3302.36
201910061155,857,毕节,3390.93
201910061200,857,毕节,3385.92
201910061205,857,毕节,3319.32
201910061210,857,毕节,3354.37
201910061215,857,毕节,3401.06
201910061220,857,毕节,3511.50
201910061225,857,毕节,3450.14
201910061230,857,毕节,3593.73
201910061235,857,毕节,3539.88
201910061240,857,毕节,3673.59
201910061245,857,毕节,3573.31
201910061250,857,毕节,3567.90
201910061255,857,毕节,3555.57
201910061300,857,毕节,3682.42
201910061305,857,毕节,3540.71
201910061310,857,毕节,3565.64
201910061315,857,毕节,3598.21
201910061320,857,毕节,3595.04
201910061325,857,毕节,3503.80
201910061330,857,毕节,3575.79
201910061335,857,毕节,3500.84
201910061340,857,毕节,3536.13
201910061345,857,毕节,3500.82
201910061350,857,毕节,3562.44
201910061355,857,毕节,3473.01
201910061400,857,毕节,3460.30
201910061405,857,毕节,3490.54
201910061410,857,毕节,3456.81
201910061415,857,毕节,3466.93
201910061420,857,毕节,3507.65
201910061425,857,毕节,3388.92
201910061430,857,毕节,3379.80
201910061435,857,毕节,3399.01
201910061440,857,毕节,3429.68
201910061445,857,毕节,3382.10
201910061450,857,毕节,3395.00
201910061455,857,毕节,3401.70
201910061500,857,毕节,3431.66
201910061505,857,毕节,3382.56
201910061510,857,毕节,3346.93
201910061515,857,毕节,3374.91
201910061520,857,毕节,3451.74
201910061525,857,毕节,3360.36
201910061530,857,毕节,3431.25
201910061535,857,毕节,3380.46
201910061540,857,毕节,3449.19
201910061545,857,毕节,3377.70
201910061550,857,毕节,3455.31
201910061555,857,毕节,3361.52
201910061600,857,毕节,3372.08
201910061605,857,毕节,3417.07
201910061610,857,毕节,3424.20
201910061615,857,毕节,3361.64
201910061620,857,毕节,3349.53
201910061625,857,毕节,3374.06
201910061630,857,毕节,3376.19
201910061635,857,毕节,3357.20
201910061640,857,毕节,3347.59
201910061645,857,毕节,3354.00
201910061650,857,毕节,3444.27
201910061655,857,毕节,3371.15
201910061700,857,毕节,3382.09
201910061705,857,毕节,3434.05
201910061710,857,毕节,3440.73
201910061715,857,毕节,3352.83
201910061720,857,毕节,3398.95
201910061725,857,毕节,3371.48
201910061730,857,毕节,3343.18
201910061735,857,毕节,3431.95
201910061740,857,毕节,3374.50
201910061745,857,毕节,3334.13
201910061750,857,毕节,3339.86
201910061755,857,毕节,3315.52
201910061800,857,毕节,3406.98
201910061805,857,毕节,3375.84
201910061810,857,毕节,3279.51
201910061815,857,毕节,3418.04
201910061820,857,毕节,3294.74
201910061825,857,毕节,3320.33
201910061830,857,毕节,3423.99
201910061835,857,毕节,3364.63
201910061840,857,毕节,3388.29
201910061845,857,毕节,3293.61
201910061850,857,毕节,3491.27
201910061855,857,毕节,3478.05
201910061900,857,毕节,3508.62
201910061905,857,毕节,3566.12
201910061910,857,毕节,3657.37
201910061915,857,毕节,3789.30
201910061920,857,毕节,3924.12
201910061925,857,毕节,4007.95
201910061930,857,毕节,4107.09
201910061935,857,毕节,4074.96
201910061940,857,毕节,4302.30
201910061945,857,毕节,4260.23
201910061950,857,毕节,4442.19
201910061955,857,毕节,4414.30
201910062000,857,毕节,4613.70
201910062005,857,毕节,4576.10
201910062010,857,毕节,4583.19
201910062015,857,毕节,4677.83
201910062020,857,毕节,4802.79
201910062025,857,毕节,4799.85
201910062030,857,毕节,4951.98
201910062035,857,毕节,4877.31
201910062040,857,毕节,4942.96
201910062045,857,毕节,5022.92
201910062050,857,毕节,4975.75
201910062055,857,毕节,5079.76
201910062100,857,毕节,5126.60
201910062105,857,毕节,5017.04
201910062110,857,毕节,5129.27
201910062115,857,毕节,5043.59
201910062120,857,毕节,5071.36
201910062125,857,毕节,5035.28
201910062130,857,毕节,5150.99
201910062135,857,毕节,5101.35
201910062140,857,毕节,5001.45
201910062145,857,毕节,5025.56
201910062150,857,毕节,5010.55
201910062155,857,毕节,5068.32
201910062200,857,毕节,5046.97
201910062205,857,毕节,4864.90
201910062210,857,毕节,4925.24
201910062215,857,毕节,4856.46
201910062220,857,毕节,4766.30
201910062225,857,毕节,4744.79
201910062230,857,毕节,4689.94
201910062235,857,毕节,4654.47
201910062240,857,毕节,4648.89
201910062245,857,毕节,4520.69
201910062250,857,毕节,4503.06
201910062255,857,毕节,4442.50
201910062300,857,毕节,4342.01
201910062305,857,毕节,4157.73
201910062310,857,毕节,4168.61
201910062315,857,毕节,3971.25
201910062320,857,毕节,3981.45
201910062325,857,毕节,3834.86
201910062330,857,毕节,3784.09
201910062335,857,毕节,3641.86
201910062340,857,毕节,3500.10
201910062345,857,毕节,3390.75
201910062350,857,毕节,3254.84
201910062355,857,毕节,3263.56
201910070000,857,毕节,3162.01
201910070005,857,毕节,2975.11
201910070010,857,毕节,2875.12
201910070015,857,毕节,2790.21
201910070020,857,毕节,2701.80
201910070025,857,毕节,2635.94
201910070030,857,毕节,2544.55
201910070035,857,毕节,2467.57
201910070040,857,毕节,2277.12
201910070045,857,毕节,2245.56
201910070050,857,毕节,2137.33
201910070055,857,毕节,2047.28
201910070100,857,毕节,1969.78
201910070105,857,毕节,1928.38
201910070110,857,毕节,1835.89
201910070115,857,毕节,1776.60
201910070120,857,毕节,1661.56
201910070125,857,毕节,1632.93
201910070130,857,毕节,1535.51
201910070135,857,毕节,1491.22
201910070140,857,毕节,1410.64
201910070145,857,毕节,1356.38
201910070150,857,毕节,1306.01
201910070155,857,毕节,1256.08
201910070200,857,毕节,1239.02
201910070205,857,毕节,1200.73
201910070210,857,毕节,1127.08
201910070215,857,毕节,1094.19
201910070220,857,毕节,1085.53
201910070225,857,毕节,989.43
201910070230,857,毕节,988.27
201910070235,857,毕节,951.89
201910070240,857,毕节,917.86
201910070245,857,毕节,893.03
201910070250,857,毕节,841.83
201910070255,857,毕节,835.76
201910070300,857,毕节,789.71
201910070305,857,毕节,772.28
201910070310,857,毕节,771.52
201910070315,857,毕节,737.81
201910070320,857,毕节,712.38
201910070325,857,毕节,686.06
201910070330,857,毕节,653.54
201910070335,857,毕节,639.51
201910070340,857,毕节,627.01
201910070345,857,毕节,620.59
201910070350,857,毕节,590.38
201910070355,857,毕节,592.65
201910070400,857,毕节,561.14
201910070405,857,毕节,554.05
201910070410,857,毕节,541.03
201910070415,857,毕节,529.94
201910070420,857,毕节,537.04
201910070425,857,毕节,504.98
201910070430,857,毕节,495.06
201910070435,857,毕节,496.25
201910070440,857,毕节,492.28
201910070445,857,毕节,457.53
201910070450,857,毕节,448.83
201910070455,857,毕节,472.48
201910070500,857,毕节,456.78
201910070505,857,毕节,447.56
201910070510,857,毕节,453.54
201910070515,857,毕节,463.26
201910070520,857,毕节,464.76
201910070525,857,毕节,466.03
201910070530,857,毕节,482.53
201910070535,857,毕节,491.63
201910070540,857,毕节,512.66
201910070545,857,毕节,545.91
201910070550,857,毕节,556.05
201910070555,857,毕节,563.33
201910070600,857,毕节,610.47
201910070605,857,毕节,641.26
201910070610,857,毕节,694.72
201910070615,857,毕节,724.19
201910070620,857,毕节,787.87
201910070625,857,毕节,842.45
201910070630,857,毕节,897.38
201910070635,857,毕节,968.30
201910070640,857,毕节,1028.89
201910070645,857,毕节,1117.34
201910070650,857,毕节,1209.53
201910070655,857,毕节,1290.03
201910070700,857,毕节,1423.59
201910070705,857,毕节,1525.45
201910070710,857,毕节,1595.56
201910070715,857,毕节,1672.24
201910070720,857,毕节,1787.71
201910070725,857,毕节,1826.69
201910070730,857,毕节,1915.41
201910070735,857,毕节,1990.79
201910070740,857,毕节,2035.12
201910070745,857,毕节,2057.93
201910070750,857,毕节,2111.07
201910070755,857,毕节,2214.95
201910070800,857,毕节,2230.07
201910070805,857,毕节,2245.87
201910070810,857,毕节,2345.34
201910070815,857,毕节,2374.07
201910070820,857,毕节,2411.92
201910070825,857,毕节,2372.68
201910070830,857,毕节,2457.33
201910070835,857,毕节,2478.91
201910070840,857,毕节,2462.30
201910070845,857,毕节,2528.56
201910070850,857,毕节,2556.59
201910070855,857,毕节,2508.12
201910070900,857,毕节,2585.85
201910070905,857,毕节,2559.39
201910070910,857,毕节,2557.65
201910070915,857,毕节,2619.47
201910070920,857,毕节,2642.25
201910070925,857,毕节,2637.61
201910070930,857,毕节,2733.60
201910070935,857,毕节,2772.75
201910070940,857,毕节,2787.80
201910070945,857,毕节,2733.57
201910070950,857,毕节,2760.92
201910070955,857,毕节,2860.07
201910071000,857,毕节,2858.73
201910071005,857,毕节,2882.51
201910071010,857,毕节,2908.51
201910071015,857,毕节,2912.68
201910071020,857,毕节,2914.33
201910071025,857,毕节,2957.10
201910071030,857,毕节,2953.74
201910071035,857,毕节,2961.83
201910071040,857,毕节,3000.78
201910071045,857,毕节,3091.51
201910071050,857,毕节,3044.65
201910071055,857,毕节,3120.50
201910071100,857,毕节,3044.80
201910071105,857,毕节,3134.46
201910071110,857,毕节,3083.39
201910071115,857,毕节,3158.68
201910071120,857,毕节,3107.77
201910071125,857,毕节,3114.23
201910071130,857,毕节,3107.56
201910071135,857,毕节,3113.11
201910071140,857,毕节,3116.53
201910071145,857,毕节,3125.31
201910071150,857,毕节,3175.59
201910071155,857,毕节,3227.98
201910071200,857,毕节,3172.65
201910071205,857,毕节,3223.32
201910071210,857,毕节,3197.28
201910071215,857,毕节,3264.81
201910071220,857,毕节,3341.64
201910071225,857,毕节,3358.70
201910071230,857,毕节,3371.93
201910071235,857,毕节,3533.06
201910071240,857,毕节,3452.51
201910071245,857,毕节,3420.98
201910071250,857,毕节,3554.48
201910071255,857,毕节,3480.29
201910071300,857,毕节,3523.13
201910071305,857,毕节,3380.04
201910071310,857,毕节,3408.93
201910071315,857,毕节,3421.18
201910071320,857,毕节,3419.24
201910071325,857,毕节,3372.10
201910071330,857,毕节,3334.48
201910071335,857,毕节,3331.73
201910071340,857,毕节,3319.63
201910071345,857,毕节,3321.41
201910071350,857,毕节,3288.69
201910071355,857,毕节,3335.83
201910071400,857,毕节,3233.58
201910071405,857,毕节,3241.11
201910071410,857,毕节,3301.70
201910071415,857,毕节,3212.36
201910071420,857,毕节,3295.92
201910071425,857,毕节,3271.31
201910071430,857,毕节,3189.48
201910071435,857,毕节,3248.00
201910071440,857,毕节,3262.07
201910071445,857,毕节,3225.85
201910071450,857,毕节,3156.49
201910071455,857,毕节,3162.60
201910071500,857,毕节,3135.09
201910071505,857,毕节,3138.07
201910071510,857,毕节,3140.12
201910071515,857,毕节,3217.34
201910071520,857,毕节,3134.02
201910071525,857,毕节,3111.04
201910071530,857,毕节,3120.06
201910071535,857,毕节,3176.42
201910071540,857,毕节,3166.23
201910071545,857,毕节,3180.51
201910071550,857,毕节,3106.39
201910071555,857,毕节,3082.83
201910071600,857,毕节,3141.40
201910071605,857,毕节,3074.99
201910071610,857,毕节,3055.45
201910071615,857,毕节,3155.57
201910071620,857,毕节,3080.57
201910071625,857,毕节,3117.52
201910071630,857,毕节,3054.13
201910071635,857,毕节,3038.01
201910071640,857,毕节,3091.92
201910071645,857,毕节,3028.16
201910071650,857,毕节,3037.51
201910071655,857,毕节,3041.25
201910071700,857,毕节,2996.36
201910071705,857,毕节,3036.34
201910071710,857,毕节,3028.06
201910071715,857,毕节,3101.25
201910071720,857,毕节,3007.80
201910071725,857,毕节,3029.53
201910071730,857,毕节,2973.63
201910071735,857,毕节,3104.25
201910071740,857,毕节,3015.09
201910071745,857,毕节,3095.58
201910071750,857,毕节,3015.68
201910071755,857,毕节,3108.92
201910071800,857,毕节,3004.48
201910071805,857,毕节,2994.84
201910071810,857,毕节,3042.43
201910071815,857,毕节,3003.04
201910071820,857,毕节,3080.32
201910071825,857,毕节,3113.17
201910071830,857,毕节,3029.15
201910071835,857,毕节,3105.16
201910071840,857,毕节,3158.91
201910071845,857,毕节,3123.52
201910071850,857,毕节,3094.49
201910071855,857,毕节,3101.85
201910071900,857,毕节,3130.93
201910071905,857,毕节,3229.27
201910071910,857,毕节,3396.41
201910071915,857,毕节,3429.19
201910071920,857,毕节,3560.69
201910071925,857,毕节,3662.41
201910071930,857,毕节,3759.83
201910071935,857,毕节,3736.07
201910071940,857,毕节,3817.69
201910071945,857,毕节,3972.50
201910071950,857,毕节,4007.25
201910071955,857,毕节,4155.57
201910072000,857,毕节,4223.87
201910072005,857,毕节,4192.40
201910072010,857,毕节,4260.31
201910072015,857,毕节,4331.53
201910072020,857,毕节,4416.06
201910072025,857,毕节,4441.72
201910072030,857,毕节,4431.20
201910072035,857,毕节,4484.70
201910072040,857,毕节,4486.52
201910072045,857,毕节,4506.83
201910072050,857,毕节,4670.75
201910072055,857,毕节,4722.76
201910072100,857,毕节,4596.37
201910072105,857,毕节,4607.41
201910072110,857,毕节,4749.84
201910072115,857,毕节,4722.47
201910072120,857,毕节,4722.54
201910072125,857,毕节,4730.24
201910072130,857,毕节,4635.48
201910072135,857,毕节,4596.69
201910072140,857,毕节,4636.59
201910072145,857,毕节,4583.25
201910072150,857,毕节,4601.01
201910072155,857,毕节,4653.52
201910072200,857,毕节,4574.25
201910072205,857,毕节,4518.78
201910072210,857,毕节,4438.70
201910072215,857,毕节,4401.59
201910072220,857,毕节,4326.65
201910072225,857,毕节,4411.92
201910072230,857,毕节,4302.64
201910072235,857,毕节,4187.44
201910072240,857,毕节,4180.05
201910072245,857,毕节,4096.18
201910072250,857,毕节,4013.72
201910072255,857,毕节,3892.12
201910072300,857,毕节,3757.24
201910072305,857,毕节,3630.51
201910072310,857,毕节,3686.72
201910072315,857,毕节,3568.91
201910072320,857,毕节,3433.28
201910072325,857,毕节,3370.61
201910072330,857,毕节,3251.91
201910072335,857,毕节,3143.27
201910072340,857,毕节,2995.04
201910072345,857,毕节,2964.82
201910072350,857,毕节,2794.26
201910072355,857,毕节,2749.01
201910080000,857,毕节,2658.70
201910080005,857,毕节,2492.97
201910080010,857,毕节,2377.27
201910080015,857,毕节,2314.02
201910080020,857,毕节,2220.49
201910080025,857,毕节,2073.17
201910080030,857,毕节,2029.88
201910080035,857,毕节,1967.61
201910080040,857,毕节,1832.17
201910080045,857,毕节,1776.49
201910080050,857,毕节,1695.28
201910080055,857,毕节,1617.84
201910080100,857,毕节,1541.06
201910080105,857,毕节,1518.64
201910080110,857,毕节,1428.62
201910080115,857,毕节,1379.51
201910080120,857,毕节,1296.26
201910080125,857,毕节,1239.31
201910080130,857,毕节,1154.25
201910080135,857,毕节,1146.92
201910080140,857,毕节,1043.93
201910080145,857,毕节,1031.59
201910080150,857,毕节,966.86
201910080155,857,毕节,953.48
201910080200,857,毕节,911.41
201910080205,857,毕节,872.04
201910080210,857,毕节,866.13
201910080215,857,毕节,818.70
201910080220,857,毕节,773.32
201910080225,857,毕节,773.10
201910080230,857,毕节,719.89
201910080235,857,毕节,712.27
201910080240,857,毕节,676.04
201910080245,857,毕节,665.01
201910080250,857,毕节,630.32
201910080255,857,毕节,614.15
201910080300,857,毕节,601.10
201910080305,857,毕节,583.24
201910080310,857,毕节,544.67
201910080315,857,毕节,554.85
201910080320,857,毕节,529.09
201910080325,857,毕节,521.96
201910080330,857,毕节,507.78
201910080335,857,毕节,500.20
201910080340,857,毕节,476.72
201910080345,857,毕节,465.00
201910080350,857,毕节,460.43
201910080355,857,毕节,452.70
201910080400,857,毕节,451.23
201910080405,857,毕节,448.10
201910080410,857,毕节,424.83
201910080415,857,毕节,415.75
201910080420,857,毕节,406.31
201910080425,857,毕节,414.63
201910080430,857,毕节,397.47
201910080435,857,毕节,405.97
201910080440,857,毕节,385.33
201910080445,857,毕节,388.09
201910080450,857,毕节,394.09
201910080455,857,毕节,387.55
201910080500,857,毕节,410.00
201910080505,857,毕节,403.92
201910080510,857,毕节,410.67
201910080515,857,毕节,422.05
201910080520,857,毕节,415.38
201910080525,857,毕节,435.15
201910080530,857,毕节,441.12
201910080535,857,毕节,461.90
201910080540,857,毕节,492.95
201910080545,857,毕节,504.05
201910080550,857,毕节,510.67
201910080555,857,毕节,554.95
201910080600,857,毕节,590.76
201910080605,857,毕节,655.26
201910080610,857,毕节,701.52
201910080615,857,毕节,758.58
201910080620,857,毕节,818.98
201910080625,857,毕节,850.11
201910080630,857,毕节,935.80
201910080635,857,毕节,1019.69
201910080640,857,毕节,1087.20
201910080645,857,毕节,1138.21
201910080650,857,毕节,1229.91
201910080655,857,毕节,1312.03
201910080700,857,毕节,1418.16
201910080705,857,毕节,1457.25
201910080710,857,毕节,1546.24
201910080715,857,毕节,1584.55
201910080720,857,毕节,1646.50
201910080725,857,毕节,1649.13
201910080730,857,毕节,1689.86
201910080735,857,毕节,1733.23
201910080740,857,毕节,1778.88
201910080745,857,毕节,1785.28
201910080750,857,毕节,1805.02
201910080755,857,毕节,1867.09
201910080800,857,毕节,1828.38
201910080805,857,毕节,1908.89
201910080810,857,毕节,1920.11
201910080815,857,毕节,1937.65
201910080820,857,毕节,1974.30
201910080825,857,毕节,1932.41
201910080830,857,毕节,1937.09
201910080835,857,毕节,2000.76
201910080840,857,毕节,2018.46
201910080845,857,毕节,2017.46
201910080850,857,毕节,2024.36
201910080855,857,毕节,2081.68
201910080900,857,毕节,2064.15
201910080905,857,毕节,2060.37
201910080910,857,毕节,2081.21
201910080915,857,毕节,2107.85
201910080920,857,毕节,2179.38
201910080925,857,毕节,2134.79
201910080930,857,毕节,2164.26
201910080935,857,毕节,2224.04
201910080940,857,毕节,2240.26
201910080945,857,毕节,2188.85
201910080950,857,毕节,2261.44
201910080955,857,毕节,2249.90
201910081000,857,毕节,2280.86
201910081005,857,毕节,2359.55
201910081010,857,毕节,2328.22
201910081015,857,毕节,2379.16
201910081020,857,毕节,2400.29
201910081025,857,毕节,2422.89
201910081030,857,毕节,2373.57
201910081035,857,毕节,2357.41
201910081040,857,毕节,2377.99
201910081045,857,毕节,2373.27
201910081050,857,毕节,2447.75
201910081055,857,毕节,2416.77
201910081100,857,毕节,2400.17
201910081105,857,毕节,2522.21
201910081110,857,毕节,2485.95
201910081115,857,毕节,2564.06
201910081120,857,毕节,2507.56
201910081125,857,毕节,2501.49
201910081130,857,毕节,2582.40
201910081135,857,毕节,2510.42
201910081140,857,毕节,2532.70
201910081145,857,毕节,2592.17
201910081150,857,毕节,2617.68
201910081155,857,毕节,2536.36
201910081200,857,毕节,2619.98
201910081205,857,毕节,2624.11
201910081210,857,毕节,2672.41
201910081215,857,毕节,2826.19
201910081220,857,毕节,2902.66
201910081225,857,毕节,3009.92
201910081230,857,毕节,3083.12
201910081235,857,毕节,3080.17
201910081240,857,毕节,3108.39
201910081245,857,毕节,3233.47
201910081250,857,毕节,3191.05
201910081255,857,毕节,3279.59
201910081300,857,毕节,3187.06
201910081305,857,毕节,3239.30
201910081310,857,毕节,3112.52
201910081315,857,毕节,3161.78
201910081320,857,毕节,3132.91
201910081325,857,毕节,3079.63
201910081330,857,毕节,2959.32
201910081335,857,毕节,2980.00
201910081340,857,毕节,2871.86
201910081345,857,毕节,2896.73
201910081350,857,毕节,2884.35
201910081355,857,毕节,2837.56
201910081400,857,毕节,2730.60
201910081405,857,毕节,2729.01
201910081410,857,毕节,2663.22
201910081415,857,毕节,2705.14
201910081420,857,毕节,2619.41
201910081425,857,毕节,2673.77
201910081430,857,毕节,2655.83
201910081435,857,毕节,2560.50
201910081440,857,毕节,2592.81
201910081445,857,毕节,2611.88
201910081450,857,毕节,2572.80
201910081455,857,毕节,2616.34
201910081500,857,毕节,2602.68
201910081505,857,毕节,2536.00
201910081510,857,毕节,2518.98
201910081515,857,毕节,2661.59
201910081520,857,毕节,2623.42
201910081525,857,毕节,2546.14
201910081530,857,毕节,2547.61
201910081535,857,毕节,2615.59
201910081540,857,毕节,2553.27
201910081545,857,毕节,2602.50
201910081550,857,毕节,2548.51
201910081555,857,毕节,2612.73
201910081600,857,毕节,2536.44
201910081605,857,毕节,2553.22
201910081610,857,毕节,2622.73
201910081615,857,毕节,2610.60
201910081620,857,毕节,2640.85
201910081625,857,毕节,2597.47
201910081630,857,毕节,2575.58
201910081635,857,毕节,2641.77
201910081640,857,毕节,2630.45
201910081645,857,毕节,2708.66
201910081650,857,毕节,2762.44
201910081655,857,毕节,2817.49
201910081700,857,毕节,0.00
201910081705,857,毕节,2723.04
201910081710,857,毕节,2851.41
201910081715,857,毕节,2772.11
201910081720,857,毕节,2862.40
201910081725,857,毕节,2830.83
201910081730,857,毕节,2841.33
201910081735,857,毕节,2934.62
201910081740,857,毕节,2881.30
201910081745,857,毕节,2940.25
201910081750,857,毕节,2919.38
201910081755,857,毕节,2924.14
201910081800,857,毕节,2990.54
201910081805,857,毕节,2915.89
201910081810,857,毕节,2945.61
201910081815,857,毕节,3051.57
201910081820,857,毕节,3099.72
201910081825,857,毕节,2996.28
201910081830,857,毕节,3100.74
201910081835,857,毕节,3017.75
201910081840,857,毕节,3126.47
201910081845,857,毕节,3130.31
201910081850,857,毕节,3073.06
201910081855,857,毕节,3162.30
201910081900,857,毕节,3231.33
201910081905,857,毕节,3217.20
201910081910,857,毕节,3377.24
201910081915,857,毕节,3395.06
201910081920,857,毕节,3549.73
201910081925,857,毕节,3650.28
201910081930,857,毕节,3625.37
201910081935,857,毕节,3730.78
201910081940,857,毕节,3895.68
201910081945,857,毕节,3974.61
201910081950,857,毕节,3975.37
201910081955,857,毕节,4029.84
201910082000,857,毕节,4117.34
201910082005,857,毕节,4255.12
201910082010,857,毕节,4328.80
201910082015,857,毕节,4341.16
201910082020,857,毕节,4484.45
201910082025,857,毕节,4427.40
201910082030,857,毕节,4584.80
201910082035,857,毕节,4582.76
201910082040,857,毕节,4623.81
201910082045,857,毕节,4664.80
201910082050,857,毕节,4578.16
201910082055,857,毕节,4719.15
201910082100,857,毕节,4595.74
201910082105,857,毕节,4684.57
201910082110,857,毕节,4613.51
201910082115,857,毕节,4697.92
201910082120,857,毕节,4645.52
201910082125,857,毕节,4654.25
201910082130,857,毕节,4741.35
201910082135,857,毕节,4757.60
201910082140,857,毕节,4689.89
201910082145,857,毕节,4713.95
201910082150,857,毕节,4630.66
201910082155,857,毕节,4586.50
201910082200,857,毕节,4542.51
201910082205,857,毕节,4545.45
201910082210,857,毕节,4439.42
201910082215,857,毕节,4392.73
201910082220,857,毕节,4344.72
201910082225,857,毕节,4355.17
201910082230,857,毕节,4324.17
201910082235,857,毕节,3848.77
201910082240,857,毕节,4055.83
201910082245,857,毕节,4072.26
201910082250,857,毕节,3958.71
201910082255,857,毕节,3850.16
201910082300,857,毕节,3849.81
201910082305,857,毕节,3695.49
201910082310,857,毕节,3642.32
201910082315,857,毕节,3563.98
201910082320,857,毕节,3422.97
201910082325,857,毕节,3348.26
201910082330,857,毕节,3248.23
201910082335,857,毕节,3136.68
201910082340,857,毕节,3023.26
201910082345,857,毕节,2942.77
201910082350,857,毕节,2823.24
201910082355,857,毕节,2737.41
201910090000,857,毕节,2652.92
201910090005,857,毕节,2473.90
201910090010,857,毕节,2354.99
201910090015,857,毕节,2306.92
201910090020,857,毕节,2157.03
201910090025,857,毕节,2118.65
201910090030,857,毕节,1991.10
201910090035,857,毕节,1924.80
201910090040,857,毕节,1843.45
201910090045,857,毕节,1742.18
201910090050,857,毕节,1618.43
201910090055,857,毕节,1547.32
201910090100,857,毕节,1527.37
201910090105,857,毕节,1438.93
201910090110,857,毕节,1378.85
201910090115,857,毕节,1330.94
201910090120,857,毕节,1256.36
201910090125,857,毕节,1167.15
201910090130,857,毕节,1163.12
201910090135,857,毕节,1099.29
201910090140,857,毕节,1049.59
201910090145,857,毕节,1008.73
201910090150,857,毕节,948.57
201910090155,857,毕节,928.40
201910090200,857,毕节,887.41
201910090205,857,毕节,851.56
201910090210,857,毕节,827.59
201910090215,857,毕节,791.51
201910090220,857,毕节,788.46
201910090225,857,毕节,728.54
201910090230,857,毕节,712.94
201910090235,857,毕节,691.49
201910090240,857,毕节,664.87
201910090245,857,毕节,652.71
201910090250,857,毕节,607.11
201910090255,857,毕节,604.81
201910090300,857,毕节,577.48
201910090305,857,毕节,568.00
201910090310,857,毕节,555.18
201910090315,857,毕节,529.79
201910090320,857,毕节,537.05
201910090325,857,毕节,501.94
201910090330,857,毕节,514.04
201910090335,857,毕节,484.37
201910090340,857,毕节,469.10
201910090345,857,毕节,456.87
201910090350,857,毕节,464.07
201910090355,857,毕节,436.11
201910090400,857,毕节,432.56
201910090405,857,毕节,427.24
201910090410,857,毕节,433.55
201910090415,857,毕节,412.78
201910090420,857,毕节,422.88
201910090425,857,毕节,407.01
201910090430,857,毕节,406.48
201910090435,857,毕节,396.31
201910090440,857,毕节,391.58
201910090445,857,毕节,396.61
201910090450,857,毕节,396.05
201910090455,857,毕节,375.34
201910090500,857,毕节,402.29
201910090505,857,毕节,405.90
201910090510,857,毕节,389.10
201910090515,857,毕节,397.75
201910090520,857,毕节,415.15
201910090525,857,毕节,398.15
201910090530,857,毕节,416.29
201910090535,857,毕节,440.87
201910090540,857,毕节,461.02
201910090545,857,毕节,481.17
201910090550,857,毕节,526.68
201910090555,857,毕节,547.92
201910090600,857,毕节,604.35
201910090605,857,毕节,637.56
201910090610,857,毕节,697.77
201910090615,857,毕节,735.02
201910090620,857,毕节,797.19
201910090625,857,毕节,861.20
201910090630,857,毕节,958.40
201910090635,857,毕节,1006.73
201910090640,857,毕节,1096.81
201910090645,857,毕节,1178.18
201910090650,857,毕节,1254.83
201910090655,857,毕节,1373.58
201910090700,857,毕节,1436.92
201910090705,857,毕节,1491.07
201910090710,857,毕节,1589.85
201910090715,857,毕节,1603.05
201910090720,857,毕节,1667.79
201910090725,857,毕节,1675.74
201910090730,857,毕节,1719.74
201910090735,857,毕节,1779.15
201910090740,857,毕节,1774.47
201910090745,857,毕节,1796.39
201910090750,857,毕节,1834.61
201910090755,857,毕节,1818.26
201910090800,857,毕节,1867.21
201910090805,857,毕节,1840.53
201910090810,857,毕节,1926.31
201910090815,857,毕节,1894.96
201910090820,857,毕节,1898.05
201910090825,857,毕节,1890.33
201910090830,857,毕节,1952.75
201910090835,857,毕节,1912.72
201910090840,857,毕节,1990.46
201910090845,857,毕节,1930.21
201910090850,857,毕节,2021.73
201910090855,857,毕节,1986.58
201910090900,857,毕节,1983.56
201910090905,857,毕节,1991.11
201910090910,857,毕节,2072.61
201910090915,857,毕节,2045.32
201910090920,857,毕节,2108.45
201910090925,857,毕节,2073.63
201910090930,857,毕节,2153.04
201910090935,857,毕节,2114.51
201910090940,857,毕节,2205.72
201910090945,857,毕节,2161.63
201910090950,857,毕节,2235.29
201910090955,857,毕节,2217.21
201910091000,857,毕节,2254.08
201910091005,857,毕节,2342.49
201910091010,857,毕节,2285.80
201910091015,857,毕节,2287.20
201910091020,857,毕节,2353.42
201910091025,857,毕节,2398.55
201910091030,857,毕节,2332.22
201910091035,857,毕节,2358.53
201910091040,857,毕节,2380.44
201910091045,857,毕节,2421.77
201910091050,857,毕节,2427.16
201910091055,857,毕节,2449.60
201910091100,857,毕节,2452.79
201910091105,857,毕节,2451.51
201910091110,857,毕节,2476.00
201910091115,857,毕节,2491.77
201910091120,857,毕节,2592.17
201910091125,857,毕节,2578.88
201910091130,857,毕节,2578.46
201910091135,857,毕节,2611.54
201910091140,857,毕节,2564.10
201910091145,857,毕节,2608.20
201910091150,857,毕节,2574.50
201910091155,857,毕节,2654.00
201910091200,857,毕节,2605.12
201910091205,857,毕节,2681.69
201910091210,857,毕节,2788.28
201910091215,857,毕节,2815.54
201910091220,857,毕节,2887.87
201910091225,857,毕节,2972.52
201910091230,857,毕节,3053.34
201910091235,857,毕节,3207.32
201910091240,857,毕节,3159.07
201910091245,857,毕节,3342.13
201910091250,857,毕节,3269.83
201910091255,857,毕节,3345.34
201910091300,857,毕节,3331.00
201910091305,857,毕节,3285.62
201910091310,857,毕节,3306.19
201910091315,857,毕节,3186.03
201910091320,857,毕节,3238.66
201910091325,857,毕节,3162.68
201910091330,857,毕节,3050.93
201910091335,857,毕节,3106.29
201910091340,857,毕节,3077.85
201910091345,857,毕节,3032.44
201910091350,857,毕节,2913.00
201910091355,857,毕节,2842.45
201910091400,857,毕节,2879.73
201910091405,857,毕节,2812.47
201910091410,857,毕节,2779.57
201910091415,857,毕节,2742.67
201910091420,857,毕节,2787.87
201910091425,857,毕节,2801.00
201910091430,857,毕节,2730.08
201910091435,857,毕节,2700.84
201910091440,857,毕节,2705.37
201910091445,857,毕节,2657.12
201910091450,857,毕节,2605.83
201910091455,857,毕节,2717.94
201910091500,857,毕节,2660.59
201910091505,857,毕节,2639.93
201910091510,857,毕节,2714.92
201910091515,857,毕节,2680.24
201910091520,857,毕节,2709.89
201910091525,857,毕节,2629.03
201910091530,857,毕节,2676.37
201910091535,857,毕节,2666.23
201910091540,857,毕节,2708.13
201910091545,857,毕节,2633.33
201910091550,857,毕节,2693.43
201910091555,857,毕节,2734.50
201910091600,857,毕节,2723.62
201910091605,857,毕节,2662.93
201910091610,857,毕节,2728.42
201910091615,857,毕节,2665.72
201910091620,857,毕节,2724.58
201910091625,857,毕节,2642.00
201910091630,857,毕节,2737.97
201910091635,857,毕节,2685.33
201910091640,857,毕节,2745.08
201910091645,857,毕节,2708.22
201910091650,857,毕节,2761.93
201910091655,857,毕节,2751.26
201910091700,857,毕节,2771.80
201910091705,857,毕节,2806.05
201910091710,857,毕节,2872.56
201910091715,857,毕节,2835.10
201910091720,857,毕节,2863.16
201910091725,857,毕节,2867.86
201910091730,857,毕节,2890.29
201910091735,857,毕节,2901.34
201910091740,857,毕节,3001.86
201910091745,857,毕节,2938.04
201910091750,857,毕节,2924.11
201910091755,857,毕节,2957.82
201910091800,857,毕节,2898.18
201910091805,857,毕节,2947.70
201910091810,857,毕节,3026.02
201910091815,857,毕节,3064.93
201910091820,857,毕节,3051.34
201910091825,857,毕节,2995.66
201910091830,857,毕节,3094.62
201910091835,857,毕节,3006.62
201910091840,857,毕节,3104.65
201910091845,857,毕节,3053.18
201910091850,857,毕节,3161.97
201910091855,857,毕节,3151.34
201910091900,857,毕节,3211.64
201910091905,857,毕节,3220.15
201910091910,857,毕节,3385.19
201910091915,857,毕节,3471.49
201910091920,857,毕节,3498.59
201910091925,857,毕节,3588.48
201910091930,857,毕节,3745.07
201910091935,857,毕节,3750.22
201910091940,857,毕节,3862.74
201910091945,857,毕节,3942.08
201910091950,857,毕节,4101.70
201910091955,857,毕节,4085.11
201910092000,857,毕节,4167.55
201910092005,857,毕节,4316.23
201910092010,857,毕节,4312.83
201910092015,857,毕节,4472.32
201910092020,857,毕节,4422.80
201910092025,857,毕节,4513.50
201910092030,857,毕节,4549.21
201910092035,857,毕节,4636.73
201910092040,857,毕节,4565.44
201910092045,857,毕节,4637.84
201910092050,857,毕节,4644.22
201910092055,857,毕节,4616.11
201910092100,857,毕节,4603.53
201910092105,857,毕节,4629.19
201910092110,857,毕节,4688.57
201910092115,857,毕节,4706.74
201910092120,857,毕节,4744.15
201910092125,857,毕节,4728.47
201910092130,857,毕节,4722.72
201910092135,857,毕节,4709.97
201910092140,857,毕节,4731.56
201910092145,857,毕节,4781.61
201910092150,857,毕节,4658.94
201910092155,857,毕节,4637.25
201910092200,857,毕节,4607.74
201910092205,857,毕节,4560.98
201910092210,857,毕节,4512.21
201910092215,857,毕节,4607.66
201910092220,857,毕节,4450.79
201910092225,857,毕节,4369.79
201910092230,857,毕节,4342.13
201910092235,857,毕节,4328.64
201910092240,857,毕节,4191.47
201910092245,857,毕节,4201.67
201910092250,857,毕节,4047.72
201910092255,857,毕节,3937.44
201910092300,857,毕节,3922.28
201910092305,857,毕节,3749.45
201910092310,857,毕节,3717.67
201910092315,857,毕节,3535.46
201910092320,857,毕节,3439.98
201910092325,857,毕节,3385.43
201910092330,857,毕节,3279.68
201910092335,857,毕节,3193.70
201910092340,857,毕节,3037.60
201910092345,857,毕节,2984.23
201910092350,857,毕节,2899.72
201910092355,857,毕节,2797.83
201910100000,857,毕节,2625.42
201910100005,857,毕节,2569.46
201910100010,857,毕节,2417.59
201910100015,857,毕节,2328.27
201910100020,857,毕节,2313.17
201910100025,857,毕节,2166.00
201910100030,857,毕节,2081.42
201910100035,857,毕节,1978.72
201910100040,857,毕节,1825.51
201910100045,857,毕节,1779.94
201910100050,857,毕节,1713.52
201910100055,857,毕节,1632.04
201910100100,857,毕节,1524.36
201910100105,857,毕节,1480.07
201910100110,857,毕节,1418.75
201910100115,857,毕节,1331.47
201910100120,857,毕节,1271.50
201910100125,857,毕节,1231.33
201910100130,857,毕节,1152.21
201910100135,857,毕节,1118.60
201910100140,857,毕节,1042.30
201910100145,857,毕节,988.63
201910100150,857,毕节,951.90
201910100155,857,毕节,964.26
201910100200,857,毕节,896.10
201910100205,857,毕节,906.83
201910100210,857,毕节,830.36
201910100215,857,毕节,779.93
201910100220,857,毕节,759.61
201910100225,857,毕节,729.90
201910100230,857,毕节,709.67
201910100235,857,毕节,699.72
201910100240,857,毕节,658.25
201910100245,857,毕节,660.74
201910100250,857,毕节,623.60
201910100255,857,毕节,608.22
201910100300,857,毕节,594.29
201910100305,857,毕节,577.08
201910100310,857,毕节,558.26
201910100315,857,毕节,534.18
201910100320,857,毕节,524.11
201910100325,857,毕节,514.17
201910100330,857,毕节,494.77
201910100335,857,毕节,494.71
201910100340,857,毕节,471.31
201910100345,857,毕节,461.90
201910100350,857,毕节,433.14
201910100355,857,毕节,443.86
201910100400,857,毕节,435.87
201910100405,857,毕节,416.57
201910100410,857,毕节,420.92
201910100415,857,毕节,419.00
201910100420,857,毕节,398.70
201910100425,857,毕节,390.65
201910100430,857,毕节,378.66
201910100435,857,毕节,399.15
201910100440,857,毕节,386.47
201910100445,857,毕节,382.32
201910100450,857,毕节,389.97
201910100455,857,毕节,390.02
201910100500,857,毕节,387.47
201910100505,857,毕节,385.44
201910100510,857,毕节,398.51
201910100515,857,毕节,406.77
201910100520,857,毕节,422.73
201910100525,857,毕节,436.08
201910100530,857,毕节,450.55
201910100535,857,毕节,457.90
201910100540,857,毕节,478.47
201910100545,857,毕节,508.00
201910100550,857,毕节,548.41
201910100555,857,毕节,569.49
201910100600,857,毕节,623.82
201910100605,857,毕节,670.07
201910100610,857,毕节,717.10
201910100615,857,毕节,789.34
201910100620,857,毕节,831.89
201910100625,857,毕节,933.16
201910100630,857,毕节,1015.82
201910100635,857,毕节,1050.06
201910100640,857,毕节,1138.82
201910100645,857,毕节,1199.50
201910100650,857,毕节,1286.91
201910100655,857,毕节,1404.85
201910100700,857,毕节,1498.11
201910100705,857,毕节,1513.77
201910100710,857,毕节,1583.91
201910100715,857,毕节,1648.18
201910100720,857,毕节,1728.55
201910100725,857,毕节,1708.47
201910100730,857,毕节,1789.69
201910100735,857,毕节,1776.87
201910100740,857,毕节,1840.46
201910100745,857,毕节,1853.56
201910100750,857,毕节,1901.71
201910100755,857,毕节,1925.30
201910100800,857,毕节,1901.47
201910100805,857,毕节,1985.32
201910100810,857,毕节,2020.16
201910100815,857,毕节,1990.27
201910100820,857,毕节,1995.31
201910100825,857,毕节,2043.24
201910100830,857,毕节,2076.76
201910100835,857,毕节,2055.39
201910100840,857,毕节,2060.50
201910100845,857,毕节,2157.37
201910100850,857,毕节,2173.86
201910100855,857,毕节,2119.95
201910100900,857,毕节,2109.56
201910100905,857,毕节,2119.49
201910100910,857,毕节,2203.06
201910100915,857,毕节,2155.15
201910100920,857,毕节,2260.35
201910100925,857,毕节,2207.67
201910100930,857,毕节,2263.06
201910100935,857,毕节,2290.67
201910100940,857,毕节,2247.71
201910100945,857,毕节,2332.56
201910100950,857,毕节,2368.30
201910100955,857,毕节,2295.29
201910101000,857,毕节,2351.74
201910101005,857,毕节,2403.15
201910101010,857,毕节,2348.80
201910101015,857,毕节,2457.22
201910101020,857,毕节,2376.03
201910101025,857,毕节,2473.34
201910101030,857,毕节,2492.43
201910101035,857,毕节,2421.77
201910101040,857,毕节,2461.19
201910101045,857,毕节,2481.79
201910101050,857,毕节,2474.93
201910101055,857,毕节,2486.50
201910101100,857,毕节,2525.07
201910101105,857,毕节,2505.65
201910101110,857,毕节,2515.04
201910101115,857,毕节,2540.67
201910101120,857,毕节,2540.69
201910101125,857,毕节,2593.54
201910101130,857,毕节,2608.68
201910101135,857,毕节,2644.72
201910101140,857,毕节,2568.77
201910101145,857,毕节,2583.02
201910101150,857,毕节,2579.26
201910101155,857,毕节,2631.31
201910101200,857,毕节,2709.72
201910101205,857,毕节,2650.36
201910101210,857,毕节,2717.15
201910101215,857,毕节,2910.94
201910101220,857,毕节,2902.18
201910101225,857,毕节,3104.78
201910101230,857,毕节,3086.86
201910101235,857,毕节,3161.53
201910101240,857,毕节,3226.98
201910101245,857,毕节,3333.99
201910101250,857,毕节,3282.33
201910101255,857,毕节,3286.16
201910101300,857,毕节,3335.23
201910101305,857,毕节,3205.53
201910101310,857,毕节,3200.52
201910101315,857,毕节,3230.81
201910101320,857,毕节,3118.10
201910101325,857,毕节,3157.35
201910101330,857,毕节,3021.86
201910101335,857,毕节,3058.24
201910101340,857,毕节,2938.56
201910101345,857,毕节,3005.68
201910101350,857,毕节,2908.74
201910101355,857,毕节,2912.53
201910101400,857,毕节,2791.54
201910101405,857,毕节,2753.86
201910101410,857,毕节,2838.28
201910101415,857,毕节,2819.88
201910101420,857,毕节,2755.37
201910101425,857,毕节,2698.01
201910101430,857,毕节,2734.87
201910101435,857,毕节,2661.31
201910101440,857,毕节,2671.46
201910101445,857,毕节,2729.45
201910101450,857,毕节,2649.35
201910101455,857,毕节,2647.34
201910101500,857,毕节,2633.76
201910101505,857,毕节,2625.70
201910101510,857,毕节,2629.85
201910101515,857,毕节,2652.99
201910101520,857,毕节,2681.49
201910101525,857,毕节,2714.52
201910101530,857,毕节,2719.82
201910101535,857,毕节,2719.35
201910101540,857,毕节,2695.10
201910101545,857,毕节,2650.77
201910101550,857,毕节,2656.86
201910101555,857,毕节,2734.02
201910101600,857,毕节,2730.91
201910101605,857,毕节,2672.18
201910101610,857,毕节,2670.38
201910101615,857,毕节,2696.67
201910101620,857,毕节,2762.95
201910101625,857,毕节,2819.68
201910101630,857,毕节,2834.45
201910101635,857,毕节,2775.25
201910101640,857,毕节,2781.17
201910101645,857,毕节,2816.66
201910101650,857,毕节,2833.71
201910101655,857,毕节,2952.34
201910101700,857,毕节,2912.29
201910101705,857,毕节,2907.07
201910101710,857,毕节,3016.61
201910101715,857,毕节,2988.92
201910101720,857,毕节,3074.16
201910101725,857,毕节,2985.14
201910101730,857,毕节,3028.83
201910101735,857,毕节,3092.27
201910101740,857,毕节,3055.63
201910101745,857,毕节,3166.15
201910101750,857,毕节,3091.06
201910101755,857,毕节,3103.76
201910101800,857,毕节,3197.09
201910101805,857,毕节,3106.92
201910101810,857,毕节,3129.63
201910101815,857,毕节,3183.10
201910101820,857,毕节,3293.61
201910101825,857,毕节,3230.49
201910101830,857,毕节,3326.73
201910101835,857,毕节,3400.96
201910101840,857,毕节,3403.80
201910101845,857,毕节,3348.70
201910101850,857,毕节,3499.99
201910101855,857,毕节,3472.37
201910101900,857,毕节,3569.20
201910101905,857,毕节,3549.81
201910101910,857,毕节,3622.38
201910101915,857,毕节,3680.55
201910101920,857,毕节,3865.71
201910101925,857,毕节,3892.03
201910101930,857,毕节,3989.24
201910101935,857,毕节,4052.07
201910101940,857,毕节,4166.65
201910101945,857,毕节,4209.91
201910101950,857,毕节,4252.68
201910101955,857,毕节,4291.50
201910102000,857,毕节,4384.73
201910102005,857,毕节,4562.53
201910102010,857,毕节,4510.94
201910102015,857,毕节,4615.82
201910102020,857,毕节,4663.78
201910102025,857,毕节,4691.21
201910102030,857,毕节,4804.27
201910102035,857,毕节,4760.66
201910102040,857,毕节,4750.97
201910102045,857,毕节,4798.28
201910102050,857,毕节,4884.34
201910102055,857,毕节,4773.82
201910102100,857,毕节,4755.49
201910102105,857,毕节,4747.45
201910102110,857,毕节,4740.80
201910102115,857,毕节,4754.17
201910102120,857,毕节,4884.25
201910102125,857,毕节,4728.91
201910102130,857,毕节,4735.97
201910102135,857,毕节,4716.15
201910102140,857,毕节,4683.38
201910102145,857,毕节,4696.65
201910102150,857,毕节,4704.31
201910102155,857,毕节,4562.97
201910102200,857,毕节,4549.88
201910102205,857,毕节,4490.00
201910102210,857,毕节,4399.35
201910102215,857,毕节,4377.49
201910102220,857,毕节,4311.40
201910102225,857,毕节,4380.39
201910102230,857,毕节,4254.52
201910102235,857,毕节,4243.69
201910102240,857,毕节,4090.64
201910102245,857,毕节,4058.97
201910102250,857,毕节,3916.47
201910102255,857,毕节,3823.02
201910102300,857,毕节,3794.41
201910102305,857,毕节,3707.39
201910102310,857,毕节,3549.70
201910102315,857,毕节,3500.33
201910102320,857,毕节,3333.86
201910102325,857,毕节,3283.22
201910102330,857,毕节,3208.68
201910102335,857,毕节,3084.98
201910102340,857,毕节,2956.41
201910102345,857,毕节,2884.29
201910102350,857,毕节,2735.76
201910102355,857,毕节,2680.11
201910110000,857,毕节,2632.32
201910110005,857,毕节,2494.23
201910110010,857,毕节,2381.54
201910110015,857,毕节,2268.37
201910110020,857,毕节,2209.45
201910110025,857,毕节,2078.54
201910110030,857,毕节,2043.31
201910110035,857,毕节,1929.08
201910110040,857,毕节,1836.38
201910110045,857,毕节,1759.65
201910110050,857,毕节,1676.21
201910110055,857,毕节,1601.57
201910110100,857,毕节,1541.16
201910110105,857,毕节,1438.83
201910110110,857,毕节,1401.87
201910110115,857,毕节,1324.97
201910110120,857,毕节,1287.25
201910110125,857,毕节,1237.34
201910110130,857,毕节,1156.45
201910110135,857,毕节,1102.12
201910110140,857,毕节,1069.45
201910110145,857,毕节,1019.40
201910110150,857,毕节,988.47
201910110155,857,毕节,929.97
201910110200,857,毕节,906.92
201910110205,857,毕节,883.88
201910110210,857,毕节,836.75
201910110215,857,毕节,815.08
201910110220,857,毕节,794.72
201910110225,857,毕节,726.94
201910110230,857,毕节,723.76
201910110235,857,毕节,718.10
201910110240,857,毕节,677.36
201910110245,857,毕节,667.17
201910110250,857,毕节,645.70
201910110255,857,毕节,600.98
201910110300,857,毕节,613.01
201910110305,857,毕节,596.10
201910110310,857,毕节,568.09
201910110315,857,毕节,551.70
201910110320,857,毕节,531.22
201910110325,857,毕节,525.62
201910110330,857,毕节,513.35
201910110335,857,毕节,496.17
201910110340,857,毕节,485.06
201910110345,857,毕节,484.43
201910110350,857,毕节,464.58
201910110355,857,毕节,461.64
201910110400,857,毕节,454.93
201910110405,857,毕节,440.45
201910110410,857,毕节,439.66
201910110415,857,毕节,426.17
201910110420,857,毕节,416.72
201910110425,857,毕节,416.32
201910110430,857,毕节,394.38
201910110435,857,毕节,396.84
201910110440,857,毕节,393.39
201910110445,857,毕节,382.46
201910110450,857,毕节,391.34
201910110455,857,毕节,378.07
201910110500,857,毕节,391.76
201910110505,857,毕节,382.04
201910110510,857,毕节,397.85
201910110515,857,毕节,395.21
201910110520,857,毕节,419.45
201910110525,857,毕节,415.16
201910110530,857,毕节,434.14
201910110535,857,毕节,456.67
201910110540,857,毕节,460.22
201910110545,857,毕节,483.40
201910110550,857,毕节,505.38
201910110555,857,毕节,552.23
201910110600,857,毕节,592.35
201910110605,857,毕节,634.28
201910110610,857,毕节,692.06
201910110615,857,毕节,756.95
201910110620,857,毕节,805.95
201910110625,857,毕节,874.51
201910110630,857,毕节,966.77
201910110635,857,毕节,1033.48
201910110640,857,毕节,1092.56
201910110645,857,毕节,1202.32
201910110650,857,毕节,1262.47
201910110655,857,毕节,1378.18
201910110700,857,毕节,1426.31
201910110705,857,毕节,1524.38
201910110710,857,毕节,1602.56
201910110715,857,毕节,1665.65
201910110720,857,毕节,1719.49
201910110725,857,毕节,1796.16
201910110730,857,毕节,1817.38
201910110735,857,毕节,1884.41
201910110740,857,毕节,1899.46
201910110745,857,毕节,1949.14
201910110750,857,毕节,1944.74
201910110755,857,毕节,1969.47
201910110800,857,毕节,2001.77
201910110805,857,毕节,2036.43
201910110810,857,毕节,2068.03
201910110815,857,毕节,2085.02
201910110820,857,毕节,2060.81
201910110825,857,毕节,2056.80
201910110830,857,毕节,2082.50
201910110835,857,毕节,2088.27
201910110840,857,毕节,2120.86
201910110845,857,毕节,2208.24
201910110850,857,毕节,2126.53
201910110855,857,毕节,2205.52
201910110900,857,毕节,2184.19
201910110905,857,毕节,2243.90
201910110910,857,毕节,2200.27
201910110915,857,毕节,2273.18
201910110920,857,毕节,2283.93
201910110925,857,毕节,2255.38
201910110930,857,毕节,2257.74
201910110935,857,毕节,2281.51
201910110940,857,毕节,2282.79
201910110945,857,毕节,2394.63
201910110950,857,毕节,2357.37
201910110955,857,毕节,2359.17
201910111000,857,毕节,2435.99
201910111005,857,毕节,2396.41
201910111010,857,毕节,2396.23
201910111015,857,毕节,2430.38
201910111020,857,毕节,2495.62
201910111025,857,毕节,2443.44
201910111030,857,毕节,2521.33
201910111035,857,毕节,2502.01
201910111040,857,毕节,2486.82
201910111045,857,毕节,2540.19
201910111050,857,毕节,2524.54
201910111055,857,毕节,2533.19
201910111100,857,毕节,2616.43
201910111105,857,毕节,2559.30
201910111110,857,毕节,2626.55
201910111115,857,毕节,2580.78
201910111120,857,毕节,2638.14
201910111125,857,毕节,2560.92
201910111130,857,毕节,2627.46
201910111135,857,毕节,2570.18
201910111140,857,毕节,2662.91
201910111145,857,毕节,2618.82
201910111150,857,毕节,2605.47
201910111155,857,毕节,2735.05
201910111200,857,毕节,2691.84
201910111205,857,毕节,2661.77
201910111210,857,毕节,2801.11
201910111215,857,毕节,2780.48
201910111220,857,毕节,2939.26
201910111225,857,毕节,2983.47
201910111230,857,毕节,3106.41
201910111235,857,毕节,3098.52
201910111240,857,毕节,3219.94
201910111245,857,毕节,3183.97
201910111250,857,毕节,3302.30
201910111255,857,毕节,3198.80
201910111300,857,毕节,3200.01
201910111305,857,毕节,3241.30
201910111310,857,毕节,3170.50
201910111315,857,毕节,3142.07
201910111320,857,毕节,3180.61
201910111325,857,毕节,3078.54
201910111330,857,毕节,3081.10
201910111335,857,毕节,2953.32
201910111340,857,毕节,3022.58
201910111345,857,毕节,2888.38
201910111350,857,毕节,2934.55
201910111355,857,毕节,2896.76
201910111400,857,毕节,2842.35
201910111405,857,毕节,2755.67
201910111410,857,毕节,2728.07
201910111415,857,毕节,2793.04
201910111420,857,毕节,2712.92
201910111425,857,毕节,2756.35
201910111430,857,毕节,2652.42
201910111435,857,毕节,2653.11
201910111440,857,毕节,2718.93
201910111445,857,毕节,2678.37
201910111450,857,毕节,2719.84
201910111455,857,毕节,2634.46
201910111500,857,毕节,2716.54
201910111505,857,毕节,2712.36
201910111510,857,毕节,2655.37
201910111515,857,毕节,2739.38
201910111520,857,毕节,2670.57
201910111525,857,毕节,2732.04
201910111530,857,毕节,2665.76
201910111535,857,毕节,2682.20
201910111540,857,毕节,2746.99
201910111545,857,毕节,2664.78
201910111550,857,毕节,2679.39
201910111555,857,毕节,2744.10
201910111600,857,毕节,2738.54
201910111605,857,毕节,2682.12
201910111610,857,毕节,2762.63
201910111615,857,毕节,2685.72
201910111620,857,毕节,2771.42
201910111625,857,毕节,2814.04
201910111630,857,毕节,2775.01
201910111635,857,毕节,2854.38
201910111640,857,毕节,2823.16
201910111645,857,毕节,2916.01
201910111650,857,毕节,2949.05
201910111655,857,毕节,2904.59
201910111700,857,毕节,2913.27
201910111705,857,毕节,3027.12
201910111710,857,毕节,2988.16
201910111715,857,毕节,3104.53
201910111720,857,毕节,3073.97
201910111725,857,毕节,3154.27
201910111730,857,毕节,3092.86
201910111735,857,毕节,3093.82
201910111740,857,毕节,3112.14
201910111745,857,毕节,3231.22
201910111750,857,毕节,3163.91
201910111755,857,毕节,3244.08
201910111800,857,毕节,3163.12
201910111805,857,毕节,3167.46
201910111810,857,毕节,3281.19
201910111815,857,毕节,3224.69
201910111820,857,毕节,3237.90
201910111825,857,毕节,3258.90
201910111830,857,毕节,3290.27
201910111835,857,毕节,3390.25
201910111840,857,毕节,3416.70
201910111845,857,毕节,3452.44
201910111850,857,毕节,3487.85
201910111855,857,毕节,3442.61
201910111900,857,毕节,3497.99
201910111905,857,毕节,3547.97
201910111910,857,毕节,3626.81
201910111915,857,毕节,3718.85
201910111920,857,毕节,3823.31
201910111925,857,毕节,3958.63
201910111930,857,毕节,3982.08
201910111935,857,毕节,4156.45
201910111940,857,毕节,4122.44
201910111945,857,毕节,4274.59
201910111950,857,毕节,4266.17
201910111955,857,毕节,4398.78
201910112000,857,毕节,4482.68
201910112005,857,毕节,4436.01
201910112010,857,毕节,4586.65
201910112015,857,毕节,4583.40
201910112020,857,毕节,4730.81
201910112025,857,毕节,4665.41
201910112030,857,毕节,4794.97
201910112035,857,毕节,4807.22
201910112040,857,毕节,4747.56
201910112045,857,毕节,4823.81
201910112050,857,毕节,4717.32
201910112055,857,毕节,4834.15
201910112100,857,毕节,4890.68
201910112105,857,毕节,4800.01
201910112110,857,毕节,4786.97
201910112115,857,毕节,4833.75
201910112120,857,毕节,4886.99
201910112125,857,毕节,4790.00
201910112130,857,毕节,4856.17
201910112135,857,毕节,4712.32
201910112140,857,毕节,4723.44
201910112145,857,毕节,4795.25
201910112150,857,毕节,4636.07
201910112155,857,毕节,4686.55
201910112200,857,毕节,4621.89
201910112205,857,毕节,4452.56
201910112210,857,毕节,4430.91
201910112215,857,毕节,4411.90
201910112220,857,毕节,4445.00
201910112225,857,毕节,4301.95
201910112230,857,毕节,4307.57
201910112235,857,毕节,3957.81
201910112240,857,毕节,4086.34
201910112245,857,毕节,3995.26
201910112250,857,毕节,3983.42
201910112255,857,毕节,3885.52
201910112300,857,毕节,3758.17
201910112305,857,毕节,3668.68
201910112310,857,毕节,3556.89
201910112315,857,毕节,3491.23
201910112320,857,毕节,3413.85
201910112325,857,毕节,3306.28
201910112330,857,毕节,3238.58
201910112335,857,毕节,3059.70
201910112340,857,毕节,2980.68
201910112345,857,毕节,2960.41
201910112350,857,毕节,2829.78
201910112355,857,毕节,2699.58
201910120000,857,毕节,2616.52
201910120005,857,毕节,2509.78
201910120010,857,毕节,2445.08
201910120015,857,毕节,2272.09
201910120020,857,毕节,2266.10
201910120025,857,毕节,2136.26
201910120030,857,毕节,2087.42
201910120035,857,毕节,1981.31
201910120040,857,毕节,1858.53
201910120045,857,毕节,1779.42
201910120050,857,毕节,1716.74
201910120055,857,毕节,1632.57
201910120100,857,毕节,1551.93
201910120105,857,毕节,1505.88
201910120110,857,毕节,1398.95
201910120115,857,毕节,1362.72
201910120120,857,毕节,1301.20
201910120125,857,毕节,1252.97
201910120130,857,毕节,1221.41
201910120135,857,毕节,1146.51
201910120140,857,毕节,1113.39
201910120145,857,毕节,1047.00
201910120150,857,毕节,1002.19
201910120155,857,毕节,969.37
201910120200,857,毕节,944.18
201910120205,857,毕节,926.86
201910120210,857,毕节,877.26
201910120215,857,毕节,851.92
201910120220,857,毕节,805.51
201910120225,857,毕节,768.05
201910120230,857,毕节,770.25
201910120235,857,毕节,730.41
201910120240,857,毕节,710.43
201910120245,857,毕节,684.26
201910120250,857,毕节,680.02
201910120255,857,毕节,649.57
201910120300,857,毕节,634.10
201910120305,857,毕节,613.58
201910120310,857,毕节,593.38
201910120315,857,毕节,580.27
201910120320,857,毕节,571.78
201910120325,857,毕节,537.84
201910120330,857,毕节,526.00
201910120335,857,毕节,537.69
201910120340,857,毕节,500.74
201910120345,857,毕节,501.28
201910120350,857,毕节,485.97
201910120355,857,毕节,465.39
201910120400,857,毕节,452.00
201910120405,857,毕节,445.93
201910120410,857,毕节,445.65
201910120415,857,毕节,437.99
201910120420,857,毕节,416.10
201910120425,857,毕节,406.51
201910120430,857,毕节,425.67
201910120435,857,毕节,415.06
201910120440,857,毕节,391.79
201910120445,857,毕节,400.36
201910120450,857,毕节,399.67
201910120455,857,毕节,395.44
201910120500,857,毕节,396.58
201910120505,857,毕节,403.81
201910120510,857,毕节,409.75
201910120515,857,毕节,399.68
201910120520,857,毕节,405.56
201910120525,857,毕节,426.37
201910120530,857,毕节,427.01
201910120535,857,毕节,467.63
201910120540,857,毕节,462.98
201910120545,857,毕节,509.12
201910120550,857,毕节,528.14
201910120555,857,毕节,552.97
201910120600,857,毕节,587.14
201910120605,857,毕节,632.23
201910120610,857,毕节,697.17
201910120615,857,毕节,725.49
201910120620,857,毕节,798.20
201910120625,857,毕节,877.88
201910120630,857,毕节,922.81
201910120635,857,毕节,995.27
201910120640,857,毕节,1094.53
201910120645,857,毕节,1145.06
201910120650,857,毕节,1241.46
201910120655,857,毕节,1363.18
201910120700,857,毕节,1422.77
201910120705,857,毕节,1552.39
201910120710,857,毕节,1594.83
201910120715,857,毕节,1689.41
201910120720,857,毕节,1777.02
201910120725,857,毕节,1810.60
201910120730,857,毕节,1845.09
201910120735,857,毕节,1929.52
201910120740,857,毕节,1942.45
201910120745,857,毕节,1994.45
201910120750,857,毕节,2028.17
201910120755,857,毕节,2076.06
201910120800,857,毕节,2104.13
201910120805,857,毕节,2127.89
201910120810,857,毕节,2113.67
201910120815,857,毕节,2151.56
201910120820,857,毕节,2189.27
201910120825,857,毕节,2232.33
201910120830,857,毕节,2218.45
201910120835,857,毕节,2281.50
201910120840,857,毕节,2251.56
201910120845,857,毕节,2289.86
201910120850,857,毕节,2276.97
201910120855,857,毕节,2350.43
201910120900,857,毕节,2307.56
201910120905,857,毕节,2381.20
201910120910,857,毕节,2341.84
201910120915,857,毕节,2424.41
201910120920,857,毕节,2403.03
201910120925,857,毕节,2454.48
201910120930,857,毕节,2436.29
201910120935,857,毕节,2510.45
201910120940,857,毕节,2530.89
201910120945,857,毕节,2530.37
201910120950,857,毕节,2585.64
201910120955,857,毕节,2561.55
201910121000,857,毕节,2570.18
201910121005,857,毕节,2573.43
201910121010,857,毕节,2601.50
201910121015,857,毕节,2623.52
201910121020,857,毕节,2692.66
201910121025,857,毕节,2632.26
201910121030,857,毕节,2694.69
201910121035,857,毕节,2634.57
201910121040,857,毕节,2709.16
201910121045,857,毕节,2651.33
201910121050,857,毕节,2659.70
201910121055,857,毕节,2685.98
201910121100,857,毕节,2795.50
201910121105,857,毕节,2690.79
201910121110,857,毕节,2723.72
201910121115,857,毕节,2717.26
201910121120,857,毕节,2751.08
201910121125,857,毕节,2735.55
201910121130,857,毕节,2806.29
201910121135,857,毕节,2721.21
201910121140,857,毕节,2742.49
201910121145,857,毕节,2757.21
201910121150,857,毕节,2794.56
201910121155,857,毕节,2882.20
201910121200,857,毕节,2876.59
201910121205,857,毕节,2896.68
201910121210,857,毕节,2880.35
201910121215,857,毕节,2936.05
201910121220,857,毕节,3017.56
201910121225,857,毕节,3170.69
201910121230,857,毕节,3270.83
201910121235,857,毕节,3248.36
201910121240,857,毕节,3315.74
201910121245,857,毕节,3391.80
201910121250,857,毕节,3430.30
201910121255,857,毕节,3321.55
201910121300,857,毕节,3271.37
201910121305,857,毕节,3366.75
201910121310,857,毕节,3290.53
201910121315,857,毕节,3376.50
201910121320,857,毕节,3263.94
201910121325,857,毕节,3169.47
201910121330,857,毕节,3140.45
201910121335,857,毕节,3101.65
201910121340,857,毕节,3079.29
201910121345,857,毕节,3127.98
201910121350,857,毕节,3092.32
201910121355,857,毕节,2971.53
201910121400,857,毕节,3008.14
201910121405,857,毕节,2922.11
201910121410,857,毕节,2899.16
201910121415,857,毕节,2840.50
201910121420,857,毕节,2843.86
201910121425,857,毕节,2870.43
201910121430,857,毕节,2826.27
201910121435,857,毕节,2901.51
201910121440,857,毕节,2806.48
201910121445,857,毕节,2793.42
201910121450,857,毕节,2884.22
201910121455,857,毕节,2799.88
201910121500,857,毕节,2810.99
201910121505,857,毕节,2888.45
201910121510,857,毕节,2778.70
201910121515,857,毕节,2888.60
201910121520,857,毕节,2841.76
201910121525,857,毕节,2894.99
201910121530,857,毕节,2887.65
201910121535,857,毕节,2826.18
201910121540,857,毕节,2777.65
201910121545,857,毕节,2810.03
201910121550,857,毕节,2824.38
201910121555,857,毕节,2810.82
201910121600,857,毕节,2896.33
201910121605,857,毕节,2833.48
201910121610,857,毕节,2873.29
201910121615,857,毕节,2946.97
201910121620,857,毕节,2912.60
201910121625,857,毕节,3018.64
201910121630,857,毕节,2937.61
201910121635,857,毕节,3060.80
201910121640,857,毕节,3029.98
201910121645,857,毕节,3043.54
201910121650,857,毕节,3163.08
201910121655,857,毕节,3095.64
201910121700,857,毕节,3097.77
201910121705,857,毕节,3131.32
201910121710,857,毕节,3178.18
201910121715,857,毕节,3272.95
201910121720,857,毕节,3216.15
201910121725,857,毕节,3226.70
201910121730,857,毕节,3225.28
201910121735,857,毕节,3138.11
201910121740,857,毕节,3277.97
201910121745,857,毕节,3297.47
201910121750,857,毕节,3349.91
201910121755,857,毕节,3387.08
201910121800,857,毕节,3445.10
201910121805,857,毕节,3436.69
201910121810,857,毕节,3361.46
201910121815,857,毕节,3483.02
201910121820,857,毕节,3436.55
201910121825,857,毕节,3461.71
201910121830,857,毕节,3520.00
201910121835,857,毕节,3524.90
201910121840,857,毕节,3588.93
201910121845,857,毕节,3720.47
201910121850,857,毕节,3701.56
201910121855,857,毕节,3770.28
201910121900,857,毕节,3780.01
201910121905,857,毕节,3944.14
201910121910,857,毕节,3967.88
201910121915,857,毕节,4117.31
201910121920,857,毕节,4092.48
201910121925,857,毕节,4273.59
201910121930,857,毕节,4284.38
201910121935,857,毕节,4366.25
201910121940,857,毕节,4473.51
201910121945,857,毕节,4625.35
201910121950,857,毕节,4594.48
201910121955,857,毕节,4619.81
201910122000,857,毕节,4804.60
201910122005,857,毕节,4811.58
201910122010,857,毕节,4850.07
201910122015,857,毕节,4836.53
201910122020,857,毕节,4980.41
201910122025,857,毕节,4905.20
201910122030,857,毕节,4923.56
201910122035,857,毕节,4939.71
201910122040,857,毕节,5088.05
201910122045,857,毕节,4990.85
201910122050,857,毕节,5024.84
201910122055,857,毕节,5061.60
201910122100,857,毕节,5044.36
201910122105,857,毕节,5027.58
201910122110,857,毕节,5077.70
201910122115,857,毕节,4926.29
201910122120,857,毕节,4971.08
201910122125,857,毕节,5001.52
201910122130,857,毕节,5036.75
201910122135,857,毕节,4901.75
201910122140,857,毕节,4994.52
201910122145,857,毕节,4983.91
201910122150,857,毕节,4892.51
201910122155,857,毕节,4860.38
201910122200,857,毕节,4784.54
201910122205,857,毕节,4725.83
201910122210,857,毕节,4701.74
201910122215,857,毕节,4661.92
201910122220,857,毕节,4571.26
201910122225,857,毕节,4535.50
201910122230,857,毕节,4512.23
201910122235,857,毕节,4391.13
201910122240,857,毕节,4404.27
201910122245,857,毕节,4215.06
201910122250,857,毕节,4073.46
201910122255,857,毕节,3906.92
201910122300,857,毕节,4022.38
201910122305,857,毕节,4016.23
201910122310,857,毕节,3833.23
201910122315,857,毕节,3754.06
201910122320,857,毕节,3616.14
201910122325,857,毕节,3467.09
201910122330,857,毕节,3406.41
201910122335,857,毕节,3303.10
201910122340,857,毕节,3203.44
201910122345,857,毕节,3054.92
201910122350,857,毕节,3020.03
201910122355,857,毕节,2955.73
201910130000,857,毕节,2863.12
201910130005,857,毕节,2788.23
201910130010,857,毕节,2710.81
201910130015,857,毕节,2567.86
201910130020,857,毕节,2512.57
201910130025,857,毕节,2367.93
201910130030,857,毕节,2301.83
201910130035,857,毕节,2286.12
201910130040,857,毕节,2172.33
201910130045,857,毕节,2047.22
201910130050,857,毕节,2013.33
201910130055,857,毕节,1883.74
201910130100,857,毕节,1861.38
201910130105,857,毕节,1756.65
201910130110,857,毕节,1733.87
201910130115,857,毕节,1665.68
201910130120,857,毕节,1595.99
201910130125,857,毕节,1479.60
201910130130,857,毕节,1466.45
201910130135,857,毕节,1403.26
201910130140,857,毕节,1333.52
201910130145,857,毕节,1254.45
201910130150,857,毕节,1207.24
201910130155,857,毕节,1200.28
201910130200,857,毕节,1131.91
201910130205,857,毕节,1125.77
201910130210,857,毕节,1061.54
201910130215,857,毕节,1032.94
201910130220,857,毕节,994.34
201910130225,857,毕节,942.67
201910130230,857,毕节,924.80
201910130235,857,毕节,880.29
201910130240,857,毕节,837.29
201910130245,857,毕节,819.40
201910130250,857,毕节,775.46
201910130255,857,毕节,767.86
201910130300,857,毕节,733.76
201910130305,857,毕节,726.82
201910130310,857,毕节,707.81
201910130315,857,毕节,681.18
201910130320,857,毕节,650.43
201910130325,857,毕节,628.75
201910130330,857,毕节,626.45
201910130335,857,毕节,616.24
201910130340,857,毕节,601.34
201910130345,857,毕节,584.36
201910130350,857,毕节,559.11
201910130355,857,毕节,533.36
201910130400,857,毕节,521.53
201910130405,857,毕节,515.71
201910130410,857,毕节,500.83
201910130415,857,毕节,496.56
201910130420,857,毕节,480.82
201910130425,857,毕节,484.22
201910130430,857,毕节,477.78
201910130435,857,毕节,466.81
201910130440,857,毕节,447.01
201910130445,857,毕节,441.45
201910130450,857,毕节,439.49
201910130455,857,毕节,441.45
201910130500,857,毕节,427.07
201910130505,857,毕节,431.56
201910130510,857,毕节,427.32
201910130515,857,毕节,421.98
201910130520,857,毕节,418.94
201910130525,857,毕节,449.97
201910130530,857,毕节,453.54
201910130535,857,毕节,456.13
201910130540,857,毕节,465.84
201910130545,857,毕节,485.90
201910130550,857,毕节,513.94
201910130555,857,毕节,515.69
201910130600,857,毕节,559.66
201910130605,857,毕节,601.72
201910130610,857,毕节,644.55
201910130615,857,毕节,673.58
201910130620,857,毕节,715.04
201910130625,857,毕节,757.07
201910130630,857,毕节,840.47
201910130635,857,毕节,887.86
201910130640,857,毕节,969.40
201910130645,857,毕节,1045.58
201910130650,857,毕节,1147.93
201910130655,857,毕节,1254.88
201910130700,857,毕节,1381.68
201910130705,857,毕节,1472.52
201910130710,857,毕节,1600.06
201910130715,857,毕节,1723.55
201910130720,857,毕节,1806.05
201910130725,857,毕节,1943.46
201910130730,857,毕节,2003.88
201910130735,857,毕节,2091.39
201910130740,857,毕节,2204.54
201910130745,857,毕节,2295.30
201910130750,857,毕节,2369.14
201910130755,857,毕节,2461.04
201910130800,857,毕节,2462.85
201910130805,857,毕节,2495.53
201910130810,857,毕节,2631.10
201910130815,857,毕节,2612.44
201910130820,857,毕节,2681.75
201910130825,857,毕节,2759.62
201910130830,857,毕节,2744.23
201910130835,857,毕节,2829.78
201910130840,857,毕节,2913.37
201910130845,857,毕节,2840.49
201910130850,857,毕节,2920.27
201910130855,857,毕节,3012.15
201910130900,857,毕节,3046.48
201910130905,857,毕节,2995.26
201910130910,857,毕节,3059.35
201910130915,857,毕节,3086.65
201910130920,857,毕节,3135.15
201910130925,857,毕节,3166.08
201910130930,857,毕节,3123.49
201910130935,857,毕节,3165.18
201910130940,857,毕节,3199.30
201910130945,857,毕节,3212.06
201910130950,857,毕节,3269.36
201910130955,857,毕节,3285.71
201910131000,857,毕节,3255.86
201910131005,857,毕节,3288.64
201910131010,857,毕节,3271.32
201910131015,857,毕节,3393.88
201910131020,857,毕节,3380.60
201910131025,857,毕节,3381.83
201910131030,857,毕节,3461.94
201910131035,857,毕节,3430.43
201910131040,857,毕节,3512.78
201910131045,857,毕节,3491.19
201910131050,857,毕节,3473.07
201910131055,857,毕节,3589.37
201910131100,857,毕节,3493.96
201910131105,857,毕节,3520.88
201910131110,857,毕节,3593.82
201910131115,857,毕节,3528.45
201910131120,857,毕节,3590.30
201910131125,857,毕节,3558.30
201910131130,857,毕节,3601.83
201910131135,857,毕节,3532.86
201910131140,857,毕节,3646.86
201910131145,857,毕节,3566.85
201910131150,857,毕节,3655.12
201910131155,857,毕节,3581.06
201910131200,857,毕节,3633.47
201910131205,857,毕节,3512.23
201910131210,857,毕节,3597.05
201910131215,857,毕节,3589.35
201910131220,857,毕节,3708.76
201910131225,857,毕节,3667.95
201910131230,857,毕节,3694.44
201910131235,857,毕节,3717.79
201910131240,857,毕节,3714.35
201910131245,857,毕节,3676.11
201910131250,857,毕节,3780.84
201910131255,857,毕节,3650.50
201910131300,857,毕节,3548.63
201910131305,857,毕节,3632.64
201910131310,857,毕节,3637.27
201910131315,857,毕节,3613.29
201910131320,857,毕节,3569.73
201910131325,857,毕节,3599.81
201910131330,857,毕节,3655.44
201910131335,857,毕节,3640.93
201910131340,857,毕节,3615.90
201910131345,857,毕节,3525.10
201910131350,857,毕节,3516.47
201910131355,857,毕节,3539.15
201910131400,857,毕节,3450.42
201910131405,857,毕节,3515.75
201910131410,857,毕节,3418.93
201910131415,857,毕节,3538.32
201910131420,857,毕节,3383.51
201910131425,857,毕节,3424.71
201910131430,857,毕节,3453.57
201910131435,857,毕节,3367.08
201910131440,857,毕节,3460.27
201910131445,857,毕节,3349.02
201910131450,857,毕节,3353.62
201910131455,857,毕节,3343.15
201910131500,857,毕节,3364.86
201910131505,857,毕节,3330.92
201910131510,857,毕节,3308.49
201910131515,857,毕节,3410.85
201910131520,857,毕节,3403.59
201910131525,857,毕节,3300.36
201910131530,857,毕节,3295.46
201910131535,857,毕节,3277.58
201910131540,857,毕节,3374.39
201910131545,857,毕节,3290.53
201910131550,857,毕节,3287.43
201910131555,857,毕节,3295.01
201910131600,857,毕节,3311.24
201910131605,857,毕节,3222.80
201910131610,857,毕节,3183.51
201910131615,857,毕节,3371.15
201910131620,857,毕节,3323.08
201910131625,857,毕节,3300.22
201910131630,857,毕节,3324.20
201910131635,857,毕节,3316.52
201910131640,857,毕节,3166.69
201910131645,857,毕节,3326.18
201910131650,857,毕节,3326.98
201910131655,857,毕节,3326.93
201910131700,857,毕节,3295.95
201910131705,857,毕节,3313.27
201910131710,857,毕节,3269.00
201910131715,857,毕节,3137.80
201910131720,857,毕节,3277.29
201910131725,857,毕节,3280.07
201910131730,857,毕节,3258.16
201910131735,857,毕节,3358.37
201910131740,857,毕节,3271.59
201910131745,857,毕节,3295.24
201910131750,857,毕节,3222.43
201910131755,857,毕节,3214.61
201910131800,857,毕节,3279.63
201910131805,857,毕节,3171.34
201910131810,857,毕节,3174.40
201910131815,857,毕节,3250.29
201910131820,857,毕节,3200.08
201910131825,857,毕节,3208.79
201910131830,857,毕节,3109.24
201910131835,857,毕节,3160.88
201910131840,857,毕节,3272.62
201910131845,857,毕节,3412.22
201910131850,857,毕节,3356.17
201910131855,857,毕节,3500.69
201910131900,857,毕节,3512.40
201910131905,857,毕节,3522.62
201910131910,857,毕节,3681.36
201910131915,857,毕节,3684.52
201910131920,857,毕节,3754.06
201910131925,857,毕节,3901.29
201910131930,857,毕节,3917.75
201910131935,857,毕节,4062.21
201910131940,857,毕节,4060.46
201910131945,857,毕节,4120.78
201910131950,857,毕节,4168.79
201910131955,857,毕节,4223.85
201910132000,857,毕节,4377.99
201910132005,857,毕节,4329.01
201910132010,857,毕节,4532.79
201910132015,857,毕节,4462.83
201910132020,857,毕节,4454.99
201910132025,857,毕节,4622.07
201910132030,857,毕节,4658.31
201910132035,857,毕节,4547.43
201910132040,857,毕节,4710.31
201910132045,857,毕节,4597.37
201910132050,857,毕节,4679.83
201910132055,857,毕节,4708.10
201910132100,857,毕节,4654.81
201910132105,857,毕节,4582.85
201910132110,857,毕节,4652.10
201910132115,857,毕节,4572.13
201910132120,857,毕节,4564.54
201910132125,857,毕节,4644.77
201910132130,857,毕节,4577.42
201910132135,857,毕节,4525.88
201910132140,857,毕节,4606.15
201910132145,857,毕节,4495.70
201910132150,857,毕节,4536.91
201910132155,857,毕节,4478.62
201910132200,857,毕节,4427.62
201910132205,857,毕节,4408.27
201910132210,857,毕节,4382.37
201910132215,857,毕节,4337.17
201910132220,857,毕节,4339.08
201910132225,857,毕节,4333.24
201910132230,857,毕节,4240.19
201910132235,857,毕节,4061.83
201910132240,857,毕节,4096.31
201910132245,857,毕节,3941.68
201910132250,857,毕节,3861.52
201910132255,857,毕节,3820.91
201910132300,857,毕节,3799.76
201910132305,857,毕节,3582.11
201910132310,857,毕节,3486.91
201910132315,857,毕节,3372.19
201910132320,857,毕节,3338.72
201910132325,857,毕节,3181.21
201910132330,857,毕节,3120.97
201910132335,857,毕节,2992.06
201910132340,857,毕节,2975.55
201910132345,857,毕节,2831.63
201910132350,857,毕节,2775.78
201910132355,857,毕节,2670.31
201910140000,857,毕节,2568.08
201910140005,857,毕节,2468.91
201910140010,857,毕节,2338.75
201910140015,857,毕节,2260.04
201910140020,857,毕节,2172.58
201910140025,857,毕节,2074.24
201910140030,857,毕节,1990.49
201910140035,857,毕节,1917.11
201910140040,857,毕节,1892.62
201910140045,857,毕节,1805.30
201910140050,857,毕节,1688.39
201910140055,857,毕节,1639.51
201910140100,857,毕节,1529.63
201910140105,857,毕节,1502.38
201910140110,857,毕节,1427.21
201910140115,857,毕节,1336.84
201910140120,857,毕节,1306.34
201910140125,857,毕节,1241.95
201910140130,857,毕节,1175.96
201910140135,857,毕节,1128.14
201910140140,857,毕节,1098.26
201910140145,857,毕节,1050.36
201910140150,857,毕节,979.13
201910140155,857,毕节,942.55
201910140200,857,毕节,930.39
201910140205,857,毕节,919.53
201910140210,857,毕节,844.51
201910140215,857,毕节,869.47
201910140220,857,毕节,803.89
201910140225,857,毕节,742.20
201910140230,857,毕节,769.89
201910140235,857,毕节,704.96
201910140240,857,毕节,693.40
201910140245,857,毕节,672.64
201910140250,857,毕节,666.58
201910140255,857,毕节,629.09
201910140300,857,毕节,622.77
201910140305,857,毕节,616.35
201910140310,857,毕节,584.57
201910140315,857,毕节,569.90
201910140320,857,毕节,542.70
201910140325,857,毕节,560.09
201910140330,857,毕节,515.53
201910140335,857,毕节,507.24
201910140340,857,毕节,504.96
201910140345,857,毕节,492.91
201910140350,857,毕节,464.33
201910140355,857,毕节,468.11
201910140400,857,毕节,462.97
201910140405,857,毕节,460.88
201910140410,857,毕节,428.61
201910140415,857,毕节,452.03
201910140420,857,毕节,421.68
201910140425,857,毕节,409.47
201910140430,857,毕节,421.43
201910140435,857,毕节,420.77
201910140440,857,毕节,388.45
201910140445,857,毕节,400.07
201910140450,857,毕节,405.46
201910140455,857,毕节,395.31
201910140500,857,毕节,379.36
201910140505,857,毕节,393.49
201910140510,857,毕节,398.90
201910140515,857,毕节,406.86
201910140520,857,毕节,410.51
201910140525,857,毕节,410.62
201910140530,857,毕节,431.22
201910140535,857,毕节,450.49
201910140540,857,毕节,459.41
201910140545,857,毕节,496.13
201910140550,857,毕节,497.99
201910140555,857,毕节,529.09
201910140600,857,毕节,554.98
201910140605,857,毕节,583.64
201910140610,857,毕节,663.59
201910140615,857,毕节,708.35
201910140620,857,毕节,759.35
201910140625,857,毕节,801.16
201910140630,857,毕节,851.81
201910140635,857,毕节,953.73
201910140640,857,毕节,1015.81
201910140645,857,毕节,1069.46
201910140650,857,毕节,1163.03
201910140655,857,毕节,1263.25
201910140700,857,毕节,1336.21
201910140705,857,毕节,1411.68
201910140710,857,毕节,1489.61
201910140715,857,毕节,1576.85
201910140720,857,毕节,1638.05
201910140725,857,毕节,1720.51
201910140730,857,毕节,1766.48
201910140735,857,毕节,1843.95
201910140740,857,毕节,1872.71
201910140745,857,毕节,1925.13
201910140750,857,毕节,1947.59
201910140755,857,毕节,2017.83
201910140800,857,毕节,2080.23
201910140805,857,毕节,2085.81
201910140810,857,毕节,2157.11
201910140815,857,毕节,2151.70
201910140820,857,毕节,2222.42
201910140825,857,毕节,2259.97
201910140830,857,毕节,2283.24
201910140835,857,毕节,2249.13
201910140840,857,毕节,2283.68
201910140845,857,毕节,2321.90
201910140850,857,毕节,2334.46
201910140855,857,毕节,2378.68
201910140900,857,毕节,2383.10
201910140905,857,毕节,2447.58
201910140910,857,毕节,2415.07
201910140915,857,毕节,2446.69
201910140920,857,毕节,2530.01
201910140925,857,毕节,2490.63
201910140930,857,毕节,2558.63
201910140935,857,毕节,2530.11
201910140940,857,毕节,2556.09
201910140945,857,毕节,2579.02
201910140950,857,毕节,2612.31
201910140955,857,毕节,2603.52
201910141000,857,毕节,2646.99
201910141005,857,毕节,2696.62
201910141010,857,毕节,2692.11
201910141015,857,毕节,2687.12
201910141020,857,毕节,2748.75
201910141025,857,毕节,2786.27
201910141030,857,毕节,2814.30
201910141035,857,毕节,2766.36
201910141040,857,毕节,2840.29
201910141045,857,毕节,2771.25
201910141050,857,毕节,2858.11
201910141055,857,毕节,2871.90
201910141100,857,毕节,2804.67
201910141105,857,毕节,2881.67
201910141110,857,毕节,2841.38
201910141115,857,毕节,2838.46
201910141120,857,毕节,2825.70
201910141125,857,毕节,2817.86
201910141130,857,毕节,2896.54
201910141135,857,毕节,2807.74
201910141140,857,毕节,2796.09
201910141145,857,毕节,2817.17
201910141150,857,毕节,2843.67
201910141155,857,毕节,2840.84
201910141200,857,毕节,2834.76
201910141205,857,毕节,2909.37
201910141210,857,毕节,2881.93
201910141215,857,毕节,3056.07
201910141220,857,毕节,3178.14
201910141225,857,毕节,3144.94
201910141230,857,毕节,3310.55
201910141235,857,毕节,3267.29
201910141240,857,毕节,3325.40
201910141245,857,毕节,3338.96
201910141250,857,毕节,3439.72
201910141255,857,毕节,3362.92
201910141300,857,毕节,3333.05
201910141305,857,毕节,3375.11
201910141310,857,毕节,3274.06
201910141315,857,毕节,3346.92
201910141320,857,毕节,3255.24
201910141325,857,毕节,3182.76
201910141330,857,毕节,3133.10
201910141335,857,毕节,3113.66
201910141340,857,毕节,3159.65
201910141345,857,毕节,3027.58
201910141350,857,毕节,3076.96
201910141355,857,毕节,3000.18
201910141400,857,毕节,2884.41
201910141405,857,毕节,2910.46
201910141410,857,毕节,2868.26
201910141415,857,毕节,2877.08
201910141420,857,毕节,2843.18
201910141425,857,毕节,2892.33
201910141430,857,毕节,2788.02
201910141435,857,毕节,2777.00
201910141440,857,毕节,2859.92
201910141445,857,毕节,2812.97
201910141450,857,毕节,2859.37
201910141455,857,毕节,2839.00
201910141500,857,毕节,2754.28
201910141505,857,毕节,2768.85
201910141510,857,毕节,2794.26
201910141515,857,毕节,2800.92
201910141520,857,毕节,2778.23
201910141525,857,毕节,2774.98
201910141530,857,毕节,2773.40
201910141535,857,毕节,2771.66
201910141540,857,毕节,2813.66
201910141545,857,毕节,2744.23
201910141550,857,毕节,2816.29
201910141555,857,毕节,2788.55
201910141600,857,毕节,2784.79
201910141605,857,毕节,2843.36
201910141610,857,毕节,2833.63
201910141615,857,毕节,2909.48
201910141620,857,毕节,2842.46
201910141625,857,毕节,2960.00
201910141630,857,毕节,2977.03
201910141635,857,毕节,3008.35
201910141640,857,毕节,2985.24
201910141645,857,毕节,3040.81
201910141650,857,毕节,3010.99
201910141655,857,毕节,3042.34
201910141700,857,毕节,3138.94
201910141705,857,毕节,3122.83
201910141710,857,毕节,3102.27
201910141715,857,毕节,3192.15
201910141720,857,毕节,3222.34
201910141725,857,毕节,3177.92
201910141730,857,毕节,3151.41
201910141735,857,毕节,3235.74
201910141740,857,毕节,3185.12
201910141745,857,毕节,3273.45
201910141750,857,毕节,3195.71
201910141755,857,毕节,3215.79
201910141800,857,毕节,3309.07
201910141805,857,毕节,3223.61
201910141810,857,毕节,3304.19
201910141815,857,毕节,3258.83
201910141820,857,毕节,3274.84
201910141825,857,毕节,3292.00
201910141830,857,毕节,3339.83
201910141835,857,毕节,3342.85
201910141840,857,毕节,3446.04
201910141845,857,毕节,3563.11
201910141850,857,毕节,3652.99
201910141855,857,毕节,3616.95
201910141900,857,毕节,3705.35
201910141905,857,毕节,3721.05
201910141910,857,毕节,3775.24
201910141915,857,毕节,3827.68
201910141920,857,毕节,4005.53
201910141925,857,毕节,4074.66
201910141930,857,毕节,4057.55
201910141935,857,毕节,4210.88
201910141940,857,毕节,4207.08
201910141945,857,毕节,4341.20
201910141950,857,毕节,4336.01
201910141955,857,毕节,4441.73
201910142000,857,毕节,4447.68
201910142005,857,毕节,4551.06
201910142010,857,毕节,4483.53
201910142015,857,毕节,4550.02
201910142020,857,毕节,4628.84
201910142025,857,毕节,4711.76
201910142030,857,毕节,4712.04
201910142035,857,毕节,4719.87
201910142040,857,毕节,4779.64
201910142045,857,毕节,4679.00
201910142050,857,毕节,4776.45
201910142055,857,毕节,4706.61
201910142100,857,毕节,4771.97
201910142105,857,毕节,4650.57
201910142110,857,毕节,4780.83
201910142115,857,毕节,4705.89
201910142120,857,毕节,4664.12
201910142125,857,毕节,4701.17
201910142130,857,毕节,4750.52
201910142135,857,毕节,4600.46
201910142140,857,毕节,4597.30
201910142145,857,毕节,4561.55
201910142150,857,毕节,4630.91
201910142155,857,毕节,4572.40
201910142200,857,毕节,4455.36
201910142205,857,毕节,4405.74
201910142210,857,毕节,4388.80
201910142215,857,毕节,4316.91
201910142220,857,毕节,4331.59
201910142225,857,毕节,4297.06
201910142230,857,毕节,4158.53
201910142235,857,毕节,4172.05
201910142240,857,毕节,4032.58
201910142245,857,毕节,3969.17
201910142250,857,毕节,3962.53
201910142255,857,毕节,3816.85
201910142300,857,毕节,3672.21
201910142305,857,毕节,3647.38
201910142310,857,毕节,3510.58
201910142315,857,毕节,3394.56
201910142320,857,毕节,3173.18
201910142325,857,毕节,3241.46
201910142330,857,毕节,3172.82
201910142335,857,毕节,3078.39
201910142340,857,毕节,3005.40
201910142345,857,毕节,2918.19
201910142350,857,毕节,2778.27
201910142355,857,毕节,2796.25
201910150000,857,毕节,2622.69
201910150005,857,毕节,2419.04
201910150010,857,毕节,2361.93
201910150015,857,毕节,2298.46
201910150020,857,毕节,2196.68
201910150025,857,毕节,2068.70
201910150030,857,毕节,1960.81
201910150035,857,毕节,1945.66
201910150040,857,毕节,1782.01
201910150045,857,毕节,1761.54
201910150050,857,毕节,1643.52
201910150055,857,毕节,1600.06
201910150100,857,毕节,1520.21
201910150105,857,毕节,1435.12
201910150110,857,毕节,1414.68
201910150115,857,毕节,1332.29
201910150120,857,毕节,1264.72
201910150125,857,毕节,1227.36
201910150130,857,毕节,1178.16
201910150135,857,毕节,1118.41
201910150140,857,毕节,1083.04
201910150145,857,毕节,1025.73
201910150150,857,毕节,1001.30
201910150155,857,毕节,989.24
201910150200,857,毕节,921.62
201910150205,857,毕节,892.08
201910150210,857,毕节,859.28
201910150215,857,毕节,852.89
201910150220,857,毕节,793.20
201910150225,857,毕节,744.53
201910150230,857,毕节,720.19
201910150235,857,毕节,719.44
201910150240,857,毕节,677.57
201910150245,857,毕节,670.04
201910150250,857,毕节,655.86
201910150255,857,毕节,621.54
201910150300,857,毕节,621.61
201910150305,857,毕节,581.40
201910150310,857,毕节,578.24
201910150315,857,毕节,551.67
201910150320,857,毕节,551.48
201910150325,857,毕节,508.49
201910150330,857,毕节,519.24
201910150335,857,毕节,490.06
201910150340,857,毕节,487.46
201910150345,857,毕节,477.56
201910150350,857,毕节,464.87
201910150355,857,毕节,441.35
201910150400,857,毕节,447.13
201910150405,857,毕节,428.45
201910150410,857,毕节,412.39
201910150415,857,毕节,397.91
201910150420,857,毕节,404.52
201910150425,857,毕节,412.48
201910150430,857,毕节,400.76
201910150435,857,毕节,379.31
201910150440,857,毕节,373.85
201910150445,857,毕节,391.96
201910150450,857,毕节,394.05
201910150455,857,毕节,383.26
201910150500,857,毕节,380.69
201910150505,857,毕节,370.45
201910150510,857,毕节,372.33
201910150515,857,毕节,388.12
201910150520,857,毕节,402.05
201910150525,857,毕节,409.70
201910150530,857,毕节,417.31
201910150535,857,毕节,433.06
201910150540,857,毕节,459.09
201910150545,857,毕节,474.07
201910150550,857,毕节,490.62
201910150555,857,毕节,524.80
201910150600,857,毕节,557.06
201910150605,857,毕节,602.01
201910150610,857,毕节,652.66
201910150615,857,毕节,699.86
201910150620,857,毕节,747.68
201910150625,857,毕节,788.52
201910150630,857,毕节,865.90
201910150635,857,毕节,939.86
201910150640,857,毕节,1000.57
201910150645,857,毕节,1065.85
201910150650,857,毕节,1146.64
201910150655,857,毕节,1245.49
201910150700,857,毕节,1365.22
201910150705,857,毕节,1459.85
201910150710,857,毕节,1532.25
201910150715,857,毕节,1632.48
201910150720,857,毕节,1678.68
201910150725,857,毕节,1727.52
201910150730,857,毕节,1823.53
201910150735,857,毕节,1851.19
201910150740,857,毕节,1927.32
201910150745,857,毕节,1965.39
201910150750,857,毕节,2001.53
201910150755,857,毕节,2051.65
201910150800,857,毕节,2084.75
201910150805,857,毕节,2104.71
201910150810,857,毕节,2147.80
201910150815,857,毕节,2206.79
201910150820,857,毕节,2176.67
201910150825,857,毕节,2184.04
201910150830,857,毕节,2188.86
201910150835,857,毕节,2204.71
201910150840,857,毕节,2298.37
201910150845,857,毕节,2296.75
201910150850,857,毕节,2277.15
201910150855,857,毕节,2334.79
201910150900,857,毕节,2356.20
201910150905,857,毕节,2361.63
201910150910,857,毕节,2308.60
201910150915,857,毕节,2395.46
201910150920,857,毕节,2373.53
201910150925,857,毕节,2362.35
201910150930,857,毕节,2437.56
201910150935,857,毕节,2485.39
201910150940,857,毕节,2518.65
201910150945,857,毕节,2529.99
201910150950,857,毕节,2555.40
201910150955,857,毕节,2514.93
201910151000,857,毕节,2552.00
201910151005,857,毕节,2627.39
201910151010,857,毕节,2552.95
201910151015,857,毕节,2622.96
201910151020,857,毕节,2562.75
201910151025,857,毕节,2650.46
201910151030,857,毕节,2547.41
201910151035,857,毕节,2628.48
201910151040,857,毕节,2589.95
201910151045,857,毕节,2672.76
201910151050,857,毕节,2644.08
201910151055,857,毕节,2647.50
201910151100,857,毕节,2718.95
201910151105,857,毕节,2673.35
201910151110,857,毕节,2677.84
201910151115,857,毕节,2750.41
201910151120,857,毕节,2655.68
201910151125,857,毕节,2755.66
201910151130,857,毕节,2653.67
201910151135,857,毕节,2718.63
201910151140,857,毕节,2663.56
201910151145,857,毕节,2728.97
201910151150,857,毕节,2710.47
201910151155,857,毕节,2696.81
201910151200,857,毕节,2757.36
201910151205,857,毕节,2721.70
201910151210,857,毕节,2779.87
201910151215,857,毕节,2862.11
201910151220,857,毕节,2955.08
201910151225,857,毕节,3069.87
201910151230,857,毕节,3189.78
201910151235,857,毕节,3237.08
201910151240,857,毕节,3274.54
201910151245,857,毕节,3224.75
201910151250,857,毕节,3222.73
201910151255,857,毕节,3215.85
201910151300,857,毕节,3266.15
201910151305,857,毕节,3177.08
201910151310,857,毕节,3188.99
201910151315,857,毕节,3169.18
201910151320,857,毕节,3231.24
201910151325,857,毕节,3113.92
201910151330,857,毕节,3068.83
201910151335,857,毕节,3047.42
201910151340,857,毕节,2965.55
201910151345,857,毕节,3015.72
201910151350,857,毕节,2893.32
201910151355,857,毕节,2862.46
201910151400,857,毕节,2832.65
201910151405,857,毕节,2818.33
201910151410,857,毕节,2808.21
201910151415,857,毕节,2804.10
201910151420,857,毕节,2766.35
201910151425,857,毕节,2825.35
201910151430,857,毕节,2766.92
201910151435,857,毕节,2672.73
201910151440,857,毕节,2740.15
201910151445,857,毕节,2733.91
201910151450,857,毕节,2666.25
201910151455,857,毕节,2664.82
201910151500,857,毕节,2743.51
201910151505,857,毕节,2666.25
201910151510,857,毕节,2739.90
201910151515,857,毕节,2695.89
201910151520,857,毕节,2752.16
201910151525,857,毕节,2702.71
201910151530,857,毕节,2721.38
201910151535,857,毕节,2663.54
201910151540,857,毕节,2760.73
201910151545,857,毕节,2696.04
201910151550,857,毕节,2666.31
201910151555,857,毕节,2662.46
201910151600,857,毕节,2688.74
201910151605,857,毕节,2752.05
201910151610,857,毕节,2685.34
201910151615,857,毕节,2725.28
201910151620,857,毕节,2802.72
201910151625,857,毕节,2814.93
201910151630,857,毕节,2768.83
201910151635,857,毕节,2812.11
201910151640,857,毕节,2777.83
201910151645,857,毕节,2898.66
201910151650,857,毕节,2899.11
201910151655,857,毕节,2851.05
201910151700,857,毕节,2899.73
201910151705,857,毕节,2957.71
201910151710,857,毕节,2942.32
201910151715,857,毕节,2954.30
201910151720,857,毕节,3033.48
201910151725,857,毕节,2948.68
201910151730,857,毕节,3103.65
201910151735,857,毕节,3024.63
201910151740,857,毕节,3097.95
201910151745,857,毕节,3048.95
201910151750,857,毕节,3057.60
201910151755,857,毕节,3069.27
201910151800,857,毕节,3051.01
201910151805,857,毕节,3131.61
201910151810,857,毕节,3077.58
201910151815,857,毕节,3165.68
201910151820,857,毕节,3106.51
201910151825,857,毕节,3111.26
201910151830,857,毕节,3135.51
201910151835,857,毕节,3217.80
201910151840,857,毕节,3238.56
201910151845,857,毕节,3400.26
201910151850,857,毕节,3342.50
201910151855,857,毕节,3419.54
201910151900,857,毕节,3508.31
201910151905,857,毕节,3482.46
201910151910,857,毕节,3554.70
201910151915,857,毕节,3695.54
201910151920,857,毕节,3788.98
201910151925,857,毕节,3899.03
201910151930,857,毕节,3896.03
201910151935,857,毕节,3999.58
201910151940,857,毕节,4122.21
201910151945,857,毕节,4174.42
201910151950,857,毕节,4236.24
201910151955,857,毕节,4290.59
201910152000,857,毕节,4308.41
201910152005,857,毕节,4386.67
201910152010,857,毕节,4354.33
201910152015,857,毕节,4535.99
201910152020,857,毕节,4477.72
201910152025,857,毕节,4505.99
201910152030,857,毕节,4527.82
201910152035,857,毕节,4631.42
201910152040,857,毕节,4572.25
201910152045,857,毕节,4726.24
201910152050,857,毕节,4574.97
201910152055,857,毕节,4599.37
201910152100,857,毕节,4596.41
201910152105,857,毕节,4625.13
201910152110,857,毕节,4734.06
201910152115,857,毕节,4702.76
201910152120,857,毕节,4653.74
201910152125,857,毕节,4630.86
201910152130,857,毕节,4628.82
201910152135,857,毕节,4562.04
201910152140,857,毕节,4587.01
201910152145,857,毕节,4672.60
201910152150,857,毕节,4626.17
201910152155,857,毕节,4572.82
201910152200,857,毕节,4614.28
201910152205,857,毕节,4441.02
201910152210,857,毕节,4492.64
201910152215,857,毕节,4379.86
201910152220,857,毕节,4375.81
201910152225,857,毕节,4381.28
201910152230,857,毕节,4187.66
201910152235,857,毕节,4152.81
201910152240,857,毕节,4066.46
201910152245,857,毕节,4112.66
201910152250,857,毕节,3945.08
201910152255,857,毕节,3832.64
201910152300,857,毕节,3832.90
201910152305,857,毕节,3673.12
201910152310,857,毕节,3605.09
201910152315,857,毕节,3478.05
201910152320,857,毕节,3368.98
201910152325,857,毕节,3357.02
201910152330,857,毕节,3268.20
201910152335,857,毕节,3153.04
201910152340,857,毕节,2985.87
201910152345,857,毕节,2963.91
201910152350,857,毕节,2822.01
201910152355,857,毕节,2675.56
201910160000,857,毕节,2672.88
201910160005,857,毕节,2521.17
201910160010,857,毕节,2445.57
201910160015,857,毕节,2287.35
201910160020,857,毕节,2244.09
201910160025,857,毕节,2080.14
201910160030,857,毕节,1996.67
201910160035,857,毕节,1956.23
201910160040,857,毕节,1881.19
201910160045,857,毕节,1805.70
201910160050,857,毕节,1669.38
201910160055,857,毕节,1620.92
201910160100,857,毕节,1561.91
201910160105,857,毕节,1488.25
201910160110,857,毕节,1450.46
201910160115,857,毕节,1336.96
201910160120,857,毕节,1326.99
201910160125,857,毕节,1228.13
201910160130,857,毕节,1186.02
201910160135,857,毕节,1154.84
201910160140,857,毕节,1108.75
201910160145,857,毕节,1077.63
201910160150,857,毕节,1034.93
201910160155,857,毕节,968.80
201910160200,857,毕节,940.51
201910160205,857,毕节,882.19
201910160210,857,毕节,886.85
201910160215,857,毕节,831.37
201910160220,857,毕节,794.64
201910160225,857,毕节,746.17
201910160230,857,毕节,756.55
201910160235,857,毕节,729.50
201910160240,857,毕节,708.90
201910160245,857,毕节,685.26
201910160250,857,毕节,653.08
201910160255,857,毕节,650.19
201910160300,857,毕节,636.89
201910160305,857,毕节,597.47
201910160310,857,毕节,578.02
201910160315,857,毕节,561.25
201910160320,857,毕节,557.56
201910160325,857,毕节,542.94
201910160330,857,毕节,512.87
201910160335,857,毕节,503.27
201910160340,857,毕节,503.29
201910160345,857,毕节,479.59
201910160350,857,毕节,490.03
201910160355,857,毕节,472.70
201910160400,857,毕节,453.64
201910160405,857,毕节,462.15
201910160410,857,毕节,448.65
201910160415,857,毕节,432.33
201910160420,857,毕节,433.07
201910160425,857,毕节,415.38
201910160430,857,毕节,435.40
201910160435,857,毕节,416.93
201910160440,857,毕节,422.46
201910160445,857,毕节,398.13
201910160450,857,毕节,413.89
201910160455,857,毕节,384.36
201910160500,857,毕节,393.74
201910160505,857,毕节,392.31
201910160510,857,毕节,394.23
201910160515,857,毕节,402.98
201910160520,857,毕节,410.37
201910160525,857,毕节,407.15
201910160530,857,毕节,432.14
201910160535,857,毕节,435.17
201910160540,857,毕节,452.97
201910160545,857,毕节,477.69
201910160550,857,毕节,492.10
201910160555,857,毕节,504.31
201910160600,857,毕节,565.24
201910160605,857,毕节,613.28
201910160610,857,毕节,645.13
201910160615,857,毕节,706.28
201910160620,857,毕节,762.47
201910160625,857,毕节,800.72
201910160630,857,毕节,885.06
201910160635,857,毕节,949.16
201910160640,857,毕节,1013.43
201910160645,857,毕节,1067.18
201910160650,857,毕节,1168.99
201910160655,857,毕节,1212.52
201910160700,857,毕节,1308.52
201910160705,857,毕节,1418.31
201910160710,857,毕节,1491.85
201910160715,857,毕节,1586.86
201910160720,857,毕节,1611.88
201910160725,857,毕节,1661.20
201910160730,857,毕节,1708.75
201910160735,857,毕节,1760.56
201910160740,857,毕节,1823.83
201910160745,857,毕节,1862.75
201910160750,857,毕节,1916.91
201910160755,857,毕节,1956.35
201910160800,857,毕节,1953.91
201910160805,857,毕节,2053.52
201910160810,857,毕节,2090.67
201910160815,857,毕节,2122.15
201910160820,857,毕节,2070.19
201910160825,857,毕节,2170.67
201910160830,857,毕节,2113.22
201910160835,857,毕节,2212.50
201910160840,857,毕节,2214.86
201910160845,857,毕节,2273.75
201910160850,857,毕节,2253.81
201910160855,857,毕节,2244.59
201910160900,857,毕节,2293.25
201910160905,857,毕节,2328.17
201910160910,857,毕节,2329.17
201910160915,857,毕节,2330.34
201910160920,857,毕节,2345.57
201910160925,857,毕节,2296.41
201910160930,857,毕节,2341.75
201910160935,857,毕节,2442.20
201910160940,857,毕节,2369.47
201910160945,857,毕节,2473.39
201910160950,857,毕节,2488.81
201910160955,857,毕节,2438.24
201910161000,857,毕节,2480.67
201910161005,857,毕节,2503.08
201910161010,857,毕节,2523.08
201910161015,857,毕节,2517.58
201910161020,857,毕节,2498.05
201910161025,857,毕节,2547.26
201910161030,857,毕节,2551.26
201910161035,857,毕节,2616.00
201910161040,857,毕节,2535.32
201910161045,857,毕节,2629.42
201910161050,857,毕节,2582.39
201910161055,857,毕节,2662.10
201910161100,857,毕节,2689.74
201910161105,857,毕节,2695.84
201910161110,857,毕节,2707.77
201910161115,857,毕节,2637.15
201910161120,857,毕节,2635.58
201910161125,857,毕节,2710.90
201910161130,857,毕节,2638.45
201910161135,857,毕节,2648.08
201910161140,857,毕节,2660.49
201910161145,857,毕节,2742.13
201910161150,857,毕节,2690.83
201910161155,857,毕节,2656.99
201910161200,857,毕节,2647.27
201910161205,857,毕节,2664.84
201910161210,857,毕节,2786.04
201910161215,857,毕节,2812.05
201910161220,857,毕节,2973.26
201910161225,857,毕节,2985.65
201910161230,857,毕节,3046.18
201910161235,857,毕节,3070.95
201910161240,857,毕节,3234.30
201910161245,857,毕节,3183.51
201910161250,857,毕节,3204.45
201910161255,857,毕节,3211.48
201910161300,857,毕节,3191.65
201910161305,857,毕节,3175.60
201910161310,857,毕节,3216.32
201910161315,857,毕节,3151.55
201910161320,857,毕节,3188.31
201910161325,857,毕节,3059.01
201910161330,857,毕节,3069.29
201910161335,857,毕节,2967.75
201910161340,857,毕节,3054.37
201910161345,857,毕节,2975.65
201910161350,857,毕节,2890.95
201910161355,857,毕节,2862.81
201910161400,857,毕节,2795.96
201910161405,857,毕节,2821.81
201910161410,857,毕节,2711.86
201910161415,857,毕节,2742.12
201910161420,857,毕节,2717.63
201910161425,857,毕节,2688.42
201910161430,857,毕节,2689.95
201910161435,857,毕节,2643.92
201910161440,857,毕节,2658.00
201910161445,857,毕节,2641.71
201910161450,857,毕节,2719.12
201910161455,857,毕节,2699.26
201910161500,857,毕节,2659.48
201910161505,857,毕节,2639.97
201910161510,857,毕节,2666.08
201910161515,857,毕节,2694.01
201910161520,857,毕节,2765.44
201910161525,857,毕节,2693.69
201910161530,857,毕节,2692.12
201910161535,857,毕节,2648.64
201910161540,857,毕节,2653.67
201910161545,857,毕节,2683.13
201910161550,857,毕节,2688.25
201910161555,857,毕节,2682.42
201910161600,857,毕节,2644.00
201910161605,857,毕节,2725.22
201910161610,857,毕节,2672.05
201910161615,857,毕节,2792.62
201910161620,857,毕节,2760.67
201910161625,857,毕节,2771.97
201910161630,857,毕节,2825.93
201910161635,857,毕节,2795.00
201910161640,857,毕节,2893.41
201910161645,857,毕节,2839.12
201910161650,857,毕节,2925.94
201910161655,857,毕节,2876.82
201910161700,857,毕节,2912.82
201910161705,857,毕节,3016.92
201910161710,857,毕节,2956.83
201910161715,857,毕节,3056.22
201910161720,857,毕节,3032.57
201910161725,857,毕节,3044.96
201910161730,857,毕节,3023.42
201910161735,857,毕节,3054.58
201910161740,857,毕节,3120.43
201910161745,857,毕节,3070.72
201910161750,857,毕节,3161.48
201910161755,857,毕节,3080.77
201910161800,857,毕节,3095.45
201910161805,857,毕节,3154.95
201910161810,857,毕节,3101.81
201910161815,857,毕节,3200.64
201910161820,857,毕节,3135.81
201910161825,857,毕节,3240.53
201910161830,857,毕节,3208.04
201910161835,857,毕节,3267.44
201910161840,857,毕节,3396.51
201910161845,857,毕节,3338.98
201910161850,857,毕节,3492.50
201910161855,857,毕节,3484.76
201910161900,857,毕节,3474.05
201910161905,857,毕节,3611.50
201910161910,857,毕节,3613.95
201910161915,857,毕节,3683.01
201910161920,857,毕节,3910.21
201910161925,857,毕节,3923.21
201910161930,857,毕节,3978.58
201910161935,857,毕节,4094.90
201910161940,857,毕节,4124.26
201910161945,857,毕节,4169.13
201910161950,857,毕节,4313.63
201910161955,857,毕节,4273.74
201910162000,857,毕节,4344.48
201910162005,857,毕节,4387.18
201910162010,857,毕节,4554.92
201910162015,857,毕节,4535.51
201910162020,857,毕节,4518.51
201910162025,857,毕节,4561.72
201910162030,857,毕节,4631.76
201910162035,857,毕节,4743.54
201910162040,857,毕节,4630.05
201910162045,857,毕节,4686.32
201910162050,857,毕节,4650.13
201910162055,857,毕节,4703.93
201910162100,857,毕节,4751.57
201910162105,857,毕节,4641.87
201910162110,857,毕节,4796.51
201910162115,857,毕节,4761.66
201910162120,857,毕节,4659.31
201910162125,857,毕节,4734.63
201910162130,857,毕节,4718.24
201910162135,857,毕节,4665.66
201910162140,857,毕节,4610.10
201910162145,857,毕节,4599.58
201910162150,857,毕节,4525.01
201910162155,857,毕节,4446.64
201910162200,857,毕节,4460.16
201910162205,857,毕节,4432.47
201910162210,857,毕节,4397.72
201910162215,857,毕节,4341.36
201910162220,857,毕节,4316.84
201910162225,857,毕节,4371.20
201910162230,857,毕节,4272.81
201910162235,857,毕节,4251.80
201910162240,857,毕节,4111.21
201910162245,857,毕节,4116.70
201910162250,857,毕节,3976.09
201910162255,857,毕节,3826.44
201910162300,857,毕节,3846.01
201910162305,857,毕节,3631.15
201910162310,857,毕节,3665.99
201910162315,857,毕节,3506.56
201910162320,857,毕节,3462.81
201910162325,857,毕节,3316.26
201910162330,857,毕节,3300.88
201910162335,857,毕节,3285.43
201910162340,857,毕节,3187.74
201910162345,857,毕节,3138.27
201910162350,857,毕节,3077.52
201910162355,857,毕节,3016.84
201910170000,857,毕节,2957.97
201910170005,857,毕节,2804.66
201910170010,857,毕节,2741.17
201910170015,857,毕节,2575.27
201910170020,857,毕节,2540.32
201910170025,857,毕节,2399.65
201910170030,857,毕节,2344.85
201910170035,857,毕节,2251.47
201910170040,857,毕节,2138.69
201910170045,857,毕节,2019.47
201910170050,857,毕节,1946.73
201910170055,857,毕节,1832.31
201910170100,857,毕节,1743.78
201910170105,857,毕节,1711.65
201910170110,857,毕节,1586.39
201910170115,857,毕节,1546.79
201910170120,857,毕节,1477.64
201910170125,857,毕节,1425.85
201910170130,857,毕节,1334.95
201910170135,857,毕节,1287.81
201910170140,857,毕节,1230.43
201910170145,857,毕节,1167.11
201910170150,857,毕节,1116.66
201910170155,857,毕节,1060.50
201910170200,857,毕节,1031.85
201910170205,857,毕节,974.92
201910170210,857,毕节,980.45
201910170215,857,毕节,899.65
201910170220,857,毕节,880.00
201910170225,857,毕节,828.60
201910170230,857,毕节,804.38
201910170235,857,毕节,765.42
201910170240,857,毕节,766.24
201910170245,857,毕节,729.37
201910170250,857,毕节,725.09
201910170255,857,毕节,683.07
201910170300,857,毕节,675.54
201910170305,857,毕节,649.16
201910170310,857,毕节,614.99
201910170315,857,毕节,612.43
201910170320,857,毕节,619.46
201910170325,857,毕节,596.79
201910170330,857,毕节,570.22
201910170335,857,毕节,559.12
201910170340,857,毕节,550.40
201910170345,857,毕节,548.85
201910170350,857,毕节,520.91
201910170355,857,毕节,507.58
201910170400,857,毕节,508.06
201910170405,857,毕节,481.09
201910170410,857,毕节,472.49
201910170415,857,毕节,488.11
201910170420,857,毕节,471.73
201910170425,857,毕节,468.54
201910170430,857,毕节,445.37
201910170435,857,毕节,439.66
201910170440,857,毕节,434.15
201910170445,857,毕节,428.45
201910170450,857,毕节,427.45
201910170455,857,毕节,420.12
201910170500,857,毕节,430.74
201910170505,857,毕节,426.60
201910170510,857,毕节,419.59
201910170515,857,毕节,426.73
201910170520,857,毕节,450.74
201910170525,857,毕节,434.35
201910170530,857,毕节,469.78
201910170535,857,毕节,486.84
201910170540,857,毕节,500.17
201910170545,857,毕节,520.18
201910170550,857,毕节,558.22
201910170555,857,毕节,600.00
201910170600,857,毕节,624.53
201910170605,857,毕节,689.25
201910170610,857,毕节,728.41
201910170615,857,毕节,775.23
201910170620,857,毕节,828.93
201910170625,857,毕节,884.12
201910170630,857,毕节,953.17
201910170635,857,毕节,1049.28
201910170640,857,毕节,1122.94
201910170645,857,毕节,1197.73
201910170650,857,毕节,1304.22
201910170655,857,毕节,1423.80
201910170700,857,毕节,1545.70
201910170705,857,毕节,1579.46
201910170710,857,毕节,1701.94
201910170715,857,毕节,1782.82
201910170720,857,毕节,1852.32
201910170725,857,毕节,1966.74
201910170730,857,毕节,2053.55
201910170735,857,毕节,2088.46
201910170740,857,毕节,2166.32
201910170745,857,毕节,2243.25
201910170750,857,毕节,2312.11
201910170755,857,毕节,2315.17
201910170800,857,毕节,2382.69
201910170805,857,毕节,2435.03
201910170810,857,毕节,2484.34
201910170815,857,毕节,2598.66
201910170820,857,毕节,2621.83
201910170825,857,毕节,2646.69
201910170830,857,毕节,2661.76
201910170835,857,毕节,2717.18
201910170840,857,毕节,2745.63
201910170845,857,毕节,2836.75
201910170850,857,毕节,2908.67
201910170855,857,毕节,2855.26
201910170900,857,毕节,2926.95
201910170905,857,毕节,2979.03
201910170910,857,毕节,2964.89
201910170915,857,毕节,2967.10
201910170920,857,毕节,3016.40
201910170925,857,毕节,3032.91
201910170930,857,毕节,3031.39
201910170935,857,毕节,3093.18
201910170940,857,毕节,3050.74
201910170945,857,毕节,3141.87
201910170950,857,毕节,3160.87
201910170955,857,毕节,3111.51
201910171000,857,毕节,3169.19
201910171005,857,毕节,3196.11
201910171010,857,毕节,3221.96
201910171015,857,毕节,3205.23
201910171020,857,毕节,3251.43
201910171025,857,毕节,3180.98
201910171030,857,毕节,3216.86
201910171035,857,毕节,3193.43
201910171040,857,毕节,3261.76
201910171045,857,毕节,3243.76
201910171050,857,毕节,3190.39
201910171055,857,毕节,3224.48
201910171100,857,毕节,3240.97
201910171105,857,毕节,3195.33
201910171110,857,毕节,3309.23
201910171115,857,毕节,3237.04
201910171120,857,毕节,3228.35
201910171125,857,毕节,3237.89
201910171130,857,毕节,3215.45
201910171135,857,毕节,3211.40
201910171140,857,毕节,3303.66
201910171145,857,毕节,3242.11
201910171150,857,毕节,3246.01
201910171155,857,毕节,3237.27
201910171200,857,毕节,3198.60
201910171205,857,毕节,3229.91
201910171210,857,毕节,3414.88
201910171215,857,毕节,3425.20
201910171220,857,毕节,3534.78
201910171225,857,毕节,3513.43
201910171230,857,毕节,3712.09
201910171235,857,毕节,3671.80
201910171240,857,毕节,3832.52
201910171245,857,毕节,3765.12
201910171250,857,毕节,3804.65
201910171255,857,毕节,3820.27
201910171300,857,毕节,3887.96
201910171305,857,毕节,3826.57
201910171310,857,毕节,3749.83
201910171315,857,毕节,3723.84
201910171320,857,毕节,3761.58
201910171325,857,毕节,3604.42
201910171330,857,毕节,3546.57
201910171335,857,毕节,3497.17
201910171340,857,毕节,3448.82
201910171345,857,毕节,3449.80
201910171350,857,毕节,3451.71
201910171355,857,毕节,3322.68
201910171400,857,毕节,3321.76
201910171405,857,毕节,3363.08
201910171410,857,毕节,3212.81
201910171415,857,毕节,3209.77
201910171420,857,毕节,3183.08
201910171425,857,毕节,3246.76
201910171430,857,毕节,3187.83
201910171435,857,毕节,3073.29
201910171440,857,毕节,3108.01
201910171445,857,毕节,3096.06
201910171450,857,毕节,3171.22
201910171455,857,毕节,3054.34
201910171500,857,毕节,3167.82
201910171505,857,毕节,3033.73
201910171510,857,毕节,3136.12
201910171515,857,毕节,3012.81
201910171520,857,毕节,3070.15
201910171525,857,毕节,3114.08
201910171530,857,毕节,3084.39
201910171535,857,毕节,3022.80
201910171540,857,毕节,3063.97
201910171545,857,毕节,3021.04
201910171550,857,毕节,3113.55
201910171555,857,毕节,3035.77
201910171600,857,毕节,3105.52
201910171605,857,毕节,3024.01
201910171610,857,毕节,3129.77
201910171615,857,毕节,3078.94
201910171620,857,毕节,3154.91
201910171625,857,毕节,3123.92
201910171630,857,毕节,3115.96
201910171635,857,毕节,3220.45
201910171640,857,毕节,3257.64
201910171645,857,毕节,3194.46
201910171650,857,毕节,3266.71
201910171655,857,毕节,3186.54
201910171700,857,毕节,3263.60
201910171705,857,毕节,3242.12
201910171710,857,毕节,3380.59
201910171715,857,毕节,3316.31
201910171720,857,毕节,3388.67
201910171725,857,毕节,3353.58
201910171730,857,毕节,3479.44
201910171735,857,毕节,3404.11
201910171740,857,毕节,3555.87
201910171745,857,毕节,3465.27
201910171750,857,毕节,3499.02
201910171755,857,毕节,3476.38
201910171800,857,毕节,3475.27
201910171805,857,毕节,3450.21
201910171810,857,毕节,3454.32
201910171815,857,毕节,3492.56
201910171820,857,毕节,3587.30
201910171825,857,毕节,3514.30
201910171830,857,毕节,3568.15
201910171835,857,毕节,3644.15
201910171840,857,毕节,3724.19
201910171845,857,毕节,3688.99
201910171850,857,毕节,3818.04
201910171855,857,毕节,3794.82
201910171900,857,毕节,3802.65
201910171905,857,毕节,3890.35
201910171910,857,毕节,3902.89
201910171915,857,毕节,4087.85
201910171920,857,毕节,4096.49
201910171925,857,毕节,4170.05
201910171930,857,毕节,4228.20
201910171935,857,毕节,4283.07
201910171940,857,毕节,4424.67
201910171945,857,毕节,4508.90
201910171950,857,毕节,4597.88
201910171955,857,毕节,4544.94
201910172000,857,毕节,4618.85
201910172005,857,毕节,4630.95
201910172010,857,毕节,4765.33
201910172015,857,毕节,4836.84
201910172020,857,毕节,4865.99
201910172025,857,毕节,4826.41
201910172030,857,毕节,4808.60
201910172035,857,毕节,4812.30
201910172040,857,毕节,4859.82
201910172045,857,毕节,4839.73
201910172050,857,毕节,4861.88
201910172055,857,毕节,4872.48
201910172100,857,毕节,4927.28
201910172105,857,毕节,4808.38
201910172110,857,毕节,4920.14
201910172115,857,毕节,4840.40
201910172120,857,毕节,4851.37
201910172125,857,毕节,4822.84
201910172130,857,毕节,4761.15
201910172135,857,毕节,4783.61
201910172140,857,毕节,4823.28
201910172145,857,毕节,4812.71
201910172150,857,毕节,4824.66
201910172155,857,毕节,4669.40
201910172200,857,毕节,4668.51
201910172205,857,毕节,4612.48
201910172210,857,毕节,4645.09
201910172215,857,毕节,4555.31
201910172220,857,毕节,4487.20
201910172225,857,毕节,4443.40
201910172230,857,毕节,4436.69
201910172235,857,毕节,4411.59
201910172240,857,毕节,4244.21
201910172245,857,毕节,4155.05
201910172250,857,毕节,4062.56
201910172255,857,毕节,3967.48
201910172300,857,毕节,3898.38
201910172305,857,毕节,3799.46
201910172310,857,毕节,3750.08
201910172315,857,毕节,3610.42
201910172320,857,毕节,3561.82
201910172325,857,毕节,3436.41
201910172330,857,毕节,3303.18
201910172335,857,毕节,3225.62
201910172340,857,毕节,3158.49
201910172345,857,毕节,3052.91
201910172350,857,毕节,2934.59
201910172355,857,毕节,2859.66
201910180000,857,毕节,2692.60
201910180005,857,毕节,2610.25
201910180010,857,毕节,2542.29
201910180015,857,毕节,2390.48
201910180020,857,毕节,2377.99
201910180025,857,毕节,2170.40
201910180030,857,毕节,2092.77
201910180035,857,毕节,1985.61
201910180040,857,毕节,1948.73
201910180045,857,毕节,1815.76
201910180050,857,毕节,1791.47
201910180055,857,毕节,1681.00
201910180100,857,毕节,1646.94
201910180105,857,毕节,1532.06
201910180110,857,毕节,1496.02
201910180115,857,毕节,1420.51
201910180120,857,毕节,1389.19
201910180125,857,毕节,1296.17
201910180130,857,毕节,1236.98
201910180135,857,毕节,1176.11
201910180140,857,毕节,1131.21
201910180145,857,毕节,1062.02
201910180150,857,毕节,1023.76
201910180155,857,毕节,986.98
201910180200,857,毕节,952.29
201910180205,857,毕节,900.67
201910180210,857,毕节,906.38
201910180215,857,毕节,865.32
201910180220,857,毕节,813.09
201910180225,857,毕节,779.52
201910180230,857,毕节,746.29
201910180235,857,毕节,736.31
201910180240,857,毕节,718.45
201910180245,857,毕节,690.85
201910180250,857,毕节,677.65
201910180255,857,毕节,639.32
201910180300,857,毕节,641.05
201910180305,857,毕节,609.87
201910180310,857,毕节,599.49
201910180315,857,毕节,595.72
201910180320,857,毕节,578.78
201910180325,857,毕节,547.85
201910180330,857,毕节,549.09
201910180335,857,毕节,517.98
201910180340,857,毕节,508.08
201910180345,857,毕节,500.75
201910180350,857,毕节,489.15
201910180355,857,毕节,456.44
201910180400,857,毕节,463.66
201910180405,857,毕节,452.90
201910180410,857,毕节,458.05
201910180415,857,毕节,426.79
201910180420,857,毕节,438.72
201910180425,857,毕节,416.91
201910180430,857,毕节,413.15
201910180435,857,毕节,398.58
201910180440,857,毕节,413.16
201910180445,857,毕节,393.62
201910180450,857,毕节,403.52
201910180455,857,毕节,389.68
201910180500,857,毕节,382.33
201910180505,857,毕节,381.17
201910180510,857,毕节,388.61
201910180515,857,毕节,408.74
201910180520,857,毕节,412.73
201910180525,857,毕节,404.24
201910180530,857,毕节,440.84
201910180535,857,毕节,436.49
201910180540,857,毕节,469.03
201910180545,857,毕节,475.15
201910180550,857,毕节,500.44
201910180555,857,毕节,526.38
201910180600,857,毕节,564.70
201910180605,857,毕节,610.85
201910180610,857,毕节,649.33
201910180615,857,毕节,688.08
201910180620,857,毕节,736.95
201910180625,857,毕节,795.95
201910180630,857,毕节,888.06
201910180635,857,毕节,930.62
201910180640,857,毕节,1008.58
201910180645,857,毕节,1055.95
201910180650,857,毕节,1168.34
201910180655,857,毕节,1206.24
201910180700,857,毕节,1316.36
201910180705,857,毕节,1386.08
201910180710,857,毕节,1447.96
201910180715,857,毕节,1508.58
201910180720,857,毕节,1554.46
201910180725,857,毕节,1596.42
201910180730,857,毕节,1658.02
201910180735,857,毕节,1691.92
201910180740,857,毕节,1743.35
201910180745,857,毕节,1743.67
201910180750,857,毕节,1818.82
201910180755,857,毕节,1795.33
201910180800,857,毕节,1859.62
201910180805,857,毕节,1834.01
201910180810,857,毕节,1871.69
201910180815,857,毕节,1900.98
201910180820,857,毕节,1907.95
201910180825,857,毕节,1930.82
201910180830,857,毕节,1917.72
201910180835,857,毕节,1971.89
201910180840,857,毕节,1948.36
201910180845,857,毕节,2028.38
201910180850,857,毕节,2032.11
201910180855,857,毕节,1984.76
201910180900,857,毕节,2042.43
201910180905,857,毕节,2069.41
201910180910,857,毕节,2040.11
201910180915,857,毕节,2093.06
201910180920,857,毕节,2062.93
201910180925,857,毕节,2093.95
201910180930,857,毕节,2073.68
201910180935,857,毕节,2110.33
201910180940,857,毕节,2149.13
201910180945,857,毕节,2178.26
201910180950,857,毕节,2204.20
201910180955,857,毕节,2159.60
201910181000,857,毕节,2231.93
201910181005,857,毕节,2189.79
201910181010,857,毕节,2202.45
201910181015,857,毕节,2198.35
201910181020,857,毕节,2220.66
201910181025,857,毕节,2215.68
201910181030,857,毕节,2271.61
201910181035,857,毕节,2216.88
201910181040,857,毕节,2223.67
201910270000,857,毕节,2978.36
201910270005,857,毕节,2842.69
201910270010,857,毕节,2748.76
201910270015,857,毕节,2685.30
201910270020,857,毕节,2615.04
201910270025,857,毕节,2510.90
201910270030,857,毕节,2406.16
201910270035,857,毕节,2299.11
201910270040,857,毕节,2219.79
201910270045,857,毕节,2140.54
201910270050,857,毕节,2059.68
201910270055,857,毕节,1985.73
201910270100,857,毕节,1963.95
201910270105,857,毕节,1836.91
201910270110,857,毕节,1779.41
201910270115,857,毕节,1723.37
201910270120,857,毕节,1745.79
201910270125,857,毕节,1575.08
201910270130,857,毕节,1529.97
201910270135,857,毕节,1499.05
201910270140,857,毕节,1407.33
201910270145,857,毕节,1342.84
201910270150,857,毕节,1323.03
201910270155,857,毕节,1253.32
201910270200,857,毕节,1192.90
201910270205,857,毕节,1137.90
201910270210,857,毕节,1130.97
201910270215,857,毕节,1085.99
201910270220,857,毕节,1040.76
201910270225,857,毕节,1015.16
201910270230,857,毕节,961.20
201910270235,857,毕节,955.87
201910270240,857,毕节,898.53
201910270245,857,毕节,860.11
201910270250,857,毕节,848.21
201910270255,857,毕节,827.28
201910270300,857,毕节,812.52
201910270305,857,毕节,753.55
201910270310,857,毕节,730.18
201910270315,857,毕节,725.29
201910270320,857,毕节,699.15
201910270325,857,毕节,674.85
201910270330,857,毕节,665.45
201910270335,857,毕节,635.66
201910270340,857,毕节,611.70
201910270345,857,毕节,608.21
201910270350,857,毕节,586.67
201910270355,857,毕节,565.45
201910270400,857,毕节,547.12
201910270405,857,毕节,528.88
201910270410,857,毕节,527.93
201910270415,857,毕节,511.39
201910270420,857,毕节,481.42
201910270425,857,毕节,484.69
201910270430,857,毕节,480.74
201910270435,857,毕节,460.56
201910270440,857,毕节,457.24
201910270445,857,毕节,453.87
201910270450,857,毕节,440.37
201910270455,857,毕节,446.45
201910270500,857,毕节,441.60
201910270505,857,毕节,429.32
201910270510,857,毕节,442.68
201910270515,857,毕节,425.57
201910270520,857,毕节,443.94
201910270525,857,毕节,436.43
201910270530,857,毕节,451.66
201910270535,857,毕节,455.20
201910270540,857,毕节,467.95
201910270545,857,毕节,483.63
201910270550,857,毕节,505.95
201910270555,857,毕节,517.29
201910270600,857,毕节,526.63
201910270605,857,毕节,557.11
201910270610,857,毕节,575.17
201910270615,857,毕节,594.85
201910270620,857,毕节,628.73
201910270625,857,毕节,669.85
201910270630,857,毕节,698.15
201910270635,857,毕节,757.66
201910270640,857,毕节,816.52
201910270645,857,毕节,856.68
201910270650,857,毕节,897.39
201910270655,857,毕节,973.00
201910270700,857,毕节,1080.32
201910270705,857,毕节,1147.32
201910270710,857,毕节,1249.90
201910270715,857,毕节,1325.39
201910270720,857,毕节,1434.11
201910270725,857,毕节,1521.65
201910270730,857,毕节,1623.79
201910270735,857,毕节,1665.66
201910270740,857,毕节,1757.10
201910270745,857,毕节,1874.65
201910270750,857,毕节,1909.46
201910270755,857,毕节,1982.09
201910270800,857,毕节,2066.18
201910270805,857,毕节,2164.46
201910270810,857,毕节,2226.21
201910270815,857,毕节,2213.88
201910270820,857,毕节,2308.38
201910270825,857,毕节,2304.50
201910270830,857,毕节,2408.75
201910270835,857,毕节,2415.37
201910270840,857,毕节,2474.96
201910270845,857,毕节,2500.67
201910270850,857,毕节,2535.42
201910270855,857,毕节,2608.49
201910270900,857,毕节,2670.42
201910270905,857,毕节,2625.92
201910270910,857,毕节,2700.09
201910270915,857,毕节,2720.56
201910270920,857,毕节,2686.15
201910270925,857,毕节,2700.10
201910270930,857,毕节,2786.53
201910270935,857,毕节,2781.20
201910270940,857,毕节,2852.64
201910270945,857,毕节,2782.65
201910270950,857,毕节,2894.94
201910270955,857,毕节,2864.27
201910271000,857,毕节,2886.39
201910271005,857,毕节,2881.68
201910271010,857,毕节,2901.91
201910271015,857,毕节,2938.62
201910271020,857,毕节,2930.69
201910271025,857,毕节,2974.92
201910271030,857,毕节,3067.77
201910271035,857,毕节,3105.54
201910271040,857,毕节,3090.51
201910271045,857,毕节,3067.97
201910271050,857,毕节,3134.38
201910271055,857,毕节,3184.49
201910271100,857,毕节,3175.93
201910271105,857,毕节,3196.31
201910271110,857,毕节,3121.20
201910271115,857,毕节,3234.21
201910271120,857,毕节,3173.63
201910271125,857,毕节,3180.44
201910271130,857,毕节,3262.98
201910271135,857,毕节,3187.31
201910271140,857,毕节,3214.30
201910271145,857,毕节,3196.19
201910271150,857,毕节,3303.93
201910271155,857,毕节,3231.30
201910271200,857,毕节,3190.43
201910271205,857,毕节,3274.20
201910271210,857,毕节,3213.72
201910271215,857,毕节,3329.82
201910271220,857,毕节,3279.74
201910271225,857,毕节,3408.06
201910271230,857,毕节,3390.25
201910271235,857,毕节,3396.81
201910271240,857,毕节,3400.65
201910271245,857,毕节,3414.35
201910271250,857,毕节,3492.77
201910271255,857,毕节,3342.64
201910271300,857,毕节,3362.03
201910271305,857,毕节,3327.12
201910271310,857,毕节,3313.10
201910271315,857,毕节,3296.27
201910271320,857,毕节,3289.99
201910271325,857,毕节,3357.86
201910271330,857,毕节,3284.18
201910271335,857,毕节,3343.32
201910271340,857,毕节,3242.17
201910271345,857,毕节,3329.85
201910271350,857,毕节,3323.16
201910271355,857,毕节,3223.40
201910271400,857,毕节,3187.86
201910271405,857,毕节,3272.47
201910271410,857,毕节,3193.66
201910271415,857,毕节,3278.92
201910271420,857,毕节,3220.23
201910271425,857,毕节,3261.28
201910271430,857,毕节,3293.48
201910271435,857,毕节,3160.96
201910271440,857,毕节,3196.69
201910271445,857,毕节,3176.28
201910271450,857,毕节,3184.66
201910271455,857,毕节,3173.13
201910271500,857,毕节,3276.66
201910271505,857,毕节,3178.87
201910271510,857,毕节,3286.35
201910271515,857,毕节,3254.23
201910271520,857,毕节,3187.81
201910271525,857,毕节,3205.72
201910271530,857,毕节,3162.38
201910271535,857,毕节,3177.90
201910271540,857,毕节,3175.13
201910271545,857,毕节,3269.48
201910271550,857,毕节,3206.40
201910271555,857,毕节,3254.86
201910271600,857,毕节,3261.11
201910271605,857,毕节,3197.75
201910271610,857,毕节,3242.06
201910271615,857,毕节,3175.42
201910271620,857,毕节,3193.78
201910271625,857,毕节,3260.56
201910271630,857,毕节,3185.97
201910271635,857,毕节,3267.95
201910271640,857,毕节,3190.93
201910271645,857,毕节,3294.95
201910271650,857,毕节,3183.70
201910271655,857,毕节,3183.50
201910271700,857,毕节,3192.81
201910271705,857,毕节,3138.72
201910271710,857,毕节,3164.54
201910271715,857,毕节,3161.32
201910271720,857,毕节,3146.81
201910271725,857,毕节,3230.32
201910271730,857,毕节,3127.31
201910271735,857,毕节,2964.65
201910271740,857,毕节,3100.97
201910271745,857,毕节,3122.80
201910271750,857,毕节,3120.17
201910271755,857,毕节,3127.13
201910271800,857,毕节,3104.66
201910271805,857,毕节,3182.23
201910271810,857,毕节,3114.46
201910271815,857,毕节,3213.18
201910271820,857,毕节,3253.46
201910271825,857,毕节,3192.18
201910271830,857,毕节,3304.71
201910271835,857,毕节,3261.39
201910271840,857,毕节,3311.44
201910271845,857,毕节,3436.48
201910271850,857,毕节,3523.55
201910271855,857,毕节,3492.56
201910271900,857,毕节,3560.66
201910271905,857,毕节,3605.66
201910271910,857,毕节,3689.10
201910271915,857,毕节,3741.94
201910271920,857,毕节,3872.61
201910271925,857,毕节,3855.25
201910271930,857,毕节,4047.69
201910271935,857,毕节,4003.45
201910271940,857,毕节,4075.00
201910271945,857,毕节,4203.77
201910271950,857,毕节,4210.50
201910271955,857,毕节,4265.99
201910272000,857,毕节,4220.57
201910272005,857,毕节,4257.60
201910272010,857,毕节,4453.41
201910272015,857,毕节,4367.55
201910272020,857,毕节,4545.36
201910272025,857,毕节,4467.05
201910272030,857,毕节,4599.65
201910272035,857,毕节,4624.36
201910272040,857,毕节,4622.90
201910272045,857,毕节,4581.04
201910272050,857,毕节,4571.12
201910272055,857,毕节,4672.30
201910272100,857,毕节,4533.54
201910272105,857,毕节,4561.54
201910272110,857,毕节,4569.37
201910272115,857,毕节,4565.30
201910272120,857,毕节,4645.43
201910272125,857,毕节,4583.31
201910272130,857,毕节,4644.53
201910272135,857,毕节,4482.81
201910272140,857,毕节,4469.49
201910272145,857,毕节,4436.70
201910272150,857,毕节,4566.53
201910272155,857,毕节,4448.60
201910272200,857,毕节,4417.84
201910272205,857,毕节,4343.30
201910272210,857,毕节,4332.36
201910272215,857,毕节,4367.86
201910272220,857,毕节,4340.09
201910272225,857,毕节,4217.33
201910272230,857,毕节,4172.21
201910272235,857,毕节,4135.53
201910272240,857,毕节,4055.92
201910272245,857,毕节,3928.19
201910272250,857,毕节,3908.39
201910272255,857,毕节,3865.30
201910272300,857,毕节,3683.13
201910272305,857,毕节,3666.44
201910272310,857,毕节,3551.00
201910272315,857,毕节,3475.74
201910272320,857,毕节,3344.27
201910272325,857,毕节,3262.84
201910272330,857,毕节,3306.33
201910272335,857,毕节,3098.51
201910272340,857,毕节,3051.75
201910272345,857,毕节,2899.56
201910272350,857,毕节,2809.76
201910272355,857,毕节,2720.72
201910280000,857,毕节,2641.75
201910280005,857,毕节,2575.16
201910280010,857,毕节,2505.92
201910280015,857,毕节,2310.05
201910280020,857,毕节,2289.97
201910280025,857,毕节,2150.07
201910280030,857,毕节,2092.69
201910280035,857,毕节,2055.48
201910280040,857,毕节,1937.28
201910280045,857,毕节,1855.43
201910280050,857,毕节,1739.71
201910280055,857,毕节,1674.30
201910280100,857,毕节,1662.07
201910280105,857,毕节,1521.64
201910280110,857,毕节,1494.26
201910280115,857,毕节,1413.01
201910280120,857,毕节,1391.60
201910280125,857,毕节,1318.60
201910280130,857,毕节,1281.91
201910280135,857,毕节,1185.38
201910280140,857,毕节,1130.68
201910280145,857,毕节,1105.36
201910280150,857,毕节,1049.90
201910280155,857,毕节,1017.92
201910280200,857,毕节,997.48
201910280205,857,毕节,948.84
201910280210,857,毕节,932.42
201910280215,857,毕节,916.87
201910280220,857,毕节,892.26
201910280225,857,毕节,836.29
201910280230,857,毕节,815.67
201910280235,857,毕节,790.70
201910280240,857,毕节,737.59
201910280245,857,毕节,735.29
201910280250,857,毕节,706.97
201910280255,857,毕节,678.69
201910280300,857,毕节,668.63
201910280305,857,毕节,631.81
201910280310,857,毕节,622.29
201910280315,857,毕节,602.39
201910280320,857,毕节,600.65
201910280325,857,毕节,569.39
201910280330,857,毕节,563.47
201910280335,857,毕节,532.73
201910280340,857,毕节,518.55
201910280345,857,毕节,507.65
201910280350,857,毕节,492.87
201910280355,857,毕节,481.30
201910280400,857,毕节,474.73
201910280405,857,毕节,486.62
201910280410,857,毕节,457.76
201910280415,857,毕节,463.28
201910280420,857,毕节,444.45
201910280425,857,毕节,418.78
201910280430,857,毕节,424.29
201910280435,857,毕节,424.86
201910280440,857,毕节,406.38
201910280445,857,毕节,409.29
201910280450,857,毕节,409.72
201910280455,857,毕节,403.78
201910280500,857,毕节,386.32
201910280505,857,毕节,392.87
201910280510,857,毕节,382.60
201910280515,857,毕节,385.12
201910280520,857,毕节,394.48
201910280525,857,毕节,386.18
201910280530,857,毕节,406.28
201910280535,857,毕节,414.61
201910280540,857,毕节,433.99
201910280545,857,毕节,452.52
201910280550,857,毕节,461.82
201910280555,857,毕节,479.41
201910280600,857,毕节,515.83
201910280605,857,毕节,533.85
201910280610,857,毕节,574.29
201910280615,857,毕节,615.53
201910280620,857,毕节,654.99
201910280625,857,毕节,702.38
201910280630,857,毕节,743.93
201910280635,857,毕节,791.07
201910280640,857,毕节,862.68
201910280645,857,毕节,899.52
201910280650,857,毕节,971.46
201910280655,857,毕节,1020.87
201910280700,857,毕节,1088.05
201910280705,857,毕节,1176.30
201910280710,857,毕节,1236.23
201910280715,857,毕节,1321.51
201910280720,857,毕节,1361.13
201910280725,857,毕节,1397.47
201910280730,857,毕节,1479.84
201910280735,857,毕节,1521.44
201910280740,857,毕节,1568.58
201910280745,857,毕节,1604.92
201910280750,857,毕节,1690.27
201910280755,857,毕节,1704.34
201910280800,857,毕节,1760.58
201910280805,857,毕节,1766.46
201910280810,857,毕节,1783.68
201910280815,857,毕节,1846.32
201910280820,857,毕节,1839.93
201910280825,857,毕节,1880.08
201910280830,857,毕节,1868.87
201910280835,857,毕节,1887.90
201910280840,857,毕节,1906.90
201910280845,857,毕节,1958.81
201910280850,857,毕节,1943.37
201910280855,857,毕节,1941.95
201910280900,857,毕节,1973.84
201910280905,857,毕节,2022.77
201910280910,857,毕节,2043.14
201910280915,857,毕节,2016.79
201910280920,857,毕节,2034.69
201910280925,857,毕节,2090.45
201910280930,857,毕节,2119.67
201910280935,857,毕节,2074.84
201910280940,857,毕节,2101.56
201910280945,857,毕节,2159.74
201910280950,857,毕节,2125.54
201910280955,857,毕节,2134.79
201910281000,857,毕节,2151.07
201910281005,857,毕节,2231.98
201910281010,857,毕节,2192.07
201910281015,857,毕节,2204.10
201910281020,857,毕节,2277.06
201910281025,857,毕节,2232.14
201910281030,857,毕节,2244.09
201910281035,857,毕节,2321.90
201910281040,857,毕节,2289.34
201910281045,857,毕节,2279.98
201910281050,857,毕节,2302.91
201910281055,857,毕节,2321.09
201910270000,857,毕节,2978.36
201910270005,857,毕节,2842.69
201910270010,857,毕节,2748.76
201910270015,857,毕节,2685.30
201910270020,857,毕节,2615.04
201910270025,857,毕节,2510.90
201910270030,857,毕节,2406.16
201910270035,857,毕节,2299.11
201910270040,857,毕节,2219.79
201910270045,857,毕节,2140.54
201910270050,857,毕节,2059.68
201910270055,857,毕节,1985.73
201910270100,857,毕节,1963.95
201910270105,857,毕节,1836.91
201910270110,857,毕节,1779.41
201910270115,857,毕节,1723.37
201910270120,857,毕节,1745.79
201910270125,857,毕节,1575.08
201910270130,857,毕节,1529.97
201910270135,857,毕节,1499.05
201910270140,857,毕节,1407.33
201910270145,857,毕节,1342.84
201910270150,857,毕节,1323.03
201910270155,857,毕节,1253.32
201910270200,857,毕节,1192.90
201910270205,857,毕节,1137.90
201910270210,857,毕节,1130.97
201910270215,857,毕节,1085.99
201910270220,857,毕节,1040.76
201910270225,857,毕节,1015.16
201910270230,857,毕节,961.20
201910270235,857,毕节,955.87
201910270240,857,毕节,898.53
201910270245,857,毕节,860.11
201910270250,857,毕节,848.21
201910270255,857,毕节,827.28
201910270300,857,毕节,812.52
201910270305,857,毕节,753.55
201910270310,857,毕节,730.18
201910270315,857,毕节,725.29
201910270320,857,毕节,699.15
201910270325,857,毕节,674.85
201910270330,857,毕节,665.45
201910270335,857,毕节,635.66
201910270340,857,毕节,611.70
201910270345,857,毕节,608.21
201910270350,857,毕节,586.67
201910270355,857,毕节,565.45
201910270400,857,毕节,547.12
201910270405,857,毕节,528.88
201910270410,857,毕节,527.93
201910270415,857,毕节,511.39
201910270420,857,毕节,481.42
201910270425,857,毕节,484.69
201910270430,857,毕节,480.74
201910270435,857,毕节,460.56
201910270440,857,毕节,457.24
201910270445,857,毕节,453.87
201910270450,857,毕节,440.37
201910270455,857,毕节,446.45
201910270500,857,毕节,441.60
201910270505,857,毕节,429.32
201910270510,857,毕节,442.68
201910270515,857,毕节,425.57
201910270520,857,毕节,443.94
201910270525,857,毕节,436.43
201910270530,857,毕节,451.66
201910270535,857,毕节,455.20
201910270540,857,毕节,467.95
201910270545,857,毕节,483.63
201910270550,857,毕节,505.95
201910270555,857,毕节,517.29
201910270600,857,毕节,526.63
201910270605,857,毕节,557.11
201910270610,857,毕节,575.17
201910270615,857,毕节,594.85
201910270620,857,毕节,628.73
201910270625,857,毕节,669.85
201910270630,857,毕节,698.15
201910270635,857,毕节,757.66
201910270640,857,毕节,816.52
201910270645,857,毕节,856.68
201910270650,857,毕节,897.39
201910270655,857,毕节,973.00
201910270700,857,毕节,1080.32
201910270705,857,毕节,1147.32
201910270710,857,毕节,1249.90
201910270715,857,毕节,1325.39
201910270720,857,毕节,1434.11
201910270725,857,毕节,1521.65
201910270730,857,毕节,1623.79
201910270735,857,毕节,1665.66
201910270740,857,毕节,1757.10
201910270745,857,毕节,1874.65
201910270750,857,毕节,1909.46
201910270755,857,毕节,1982.09
201910270800,857,毕节,2066.18
201910270805,857,毕节,2164.46
201910270810,857,毕节,2226.21
201910270815,857,毕节,2213.88
201910270820,857,毕节,2308.38
201910270825,857,毕节,2304.50
201910270830,857,毕节,2408.75
201910270835,857,毕节,2415.37
201910270840,857,毕节,2474.96
201910270845,857,毕节,2500.67
201910270850,857,毕节,2535.42
201910270855,857,毕节,2608.49
201910270900,857,毕节,2670.42
201910270905,857,毕节,2625.92
201910270910,857,毕节,2700.09
201910270915,857,毕节,2720.56
201910270920,857,毕节,2686.15
201910270925,857,毕节,2700.10
201910270930,857,毕节,2786.53
201910270935,857,毕节,2781.20
201910270940,857,毕节,2852.64
201910270945,857,毕节,2782.65
201910270950,857,毕节,2894.94
201910270955,857,毕节,2864.27
201910271000,857,毕节,2886.39
201910271005,857,毕节,2881.68
201910271010,857,毕节,2901.91
201910271015,857,毕节,2938.62
201910271020,857,毕节,2930.69
201910271025,857,毕节,2974.92
201910271030,857,毕节,3067.77
201910271035,857,毕节,3105.54
201910271040,857,毕节,3090.51
201910271045,857,毕节,3067.97
201910271050,857,毕节,3134.38
201910271055,857,毕节,3184.49
201910271100,857,毕节,3175.93
201910271105,857,毕节,3196.31
201910271110,857,毕节,3121.20
201910271115,857,毕节,3234.21
201910271120,857,毕节,3173.63
201910271125,857,毕节,3180.44
201910271130,857,毕节,3262.98
201910271135,857,毕节,3187.31
201910271140,857,毕节,3214.30
201910271145,857,毕节,3196.19
201910271150,857,毕节,3303.93
201910271155,857,毕节,3231.30
201910271200,857,毕节,3190.43
201910271205,857,毕节,3274.20
201910271210,857,毕节,3213.72
201910271215,857,毕节,3329.82
201910271220,857,毕节,3279.74
201910271225,857,毕节,3408.06
201910271230,857,毕节,3390.25
201910271235,857,毕节,3396.81
201910271240,857,毕节,3400.65
201910271245,857,毕节,3414.35
201910271250,857,毕节,3492.77
201910271255,857,毕节,3342.64
201910271300,857,毕节,3362.03
201910271305,857,毕节,3327.12
201910271310,857,毕节,3313.10
201910271315,857,毕节,3296.27
201910271320,857,毕节,3289.99
201910271325,857,毕节,3357.86
201910271330,857,毕节,3284.18
201910271335,857,毕节,3343.32
201910271340,857,毕节,3242.17
201910271345,857,毕节,3329.85
201910271350,857,毕节,3323.16
201910271355,857,毕节,3223.40
201910271400,857,毕节,3187.86
201910271405,857,毕节,3272.47
201910271410,857,毕节,3193.66
201910271415,857,毕节,3278.92
201910271420,857,毕节,3220.23
201910271425,857,毕节,3261.28
201910271430,857,毕节,3293.48
201910271435,857,毕节,3160.96
201910271440,857,毕节,3196.69
201910271445,857,毕节,3176.28
201910271450,857,毕节,3184.66
201910271455,857,毕节,3173.13
201910271500,857,毕节,3276.66
201910271505,857,毕节,3178.87
201910271510,857,毕节,3286.35
201910271515,857,毕节,3254.23
201910271520,857,毕节,3187.81
201910271525,857,毕节,3205.72
201910271530,857,毕节,3162.38
201910271535,857,毕节,3177.90
201910271540,857,毕节,3175.13
201910271545,857,毕节,3269.48
201910271550,857,毕节,3206.40
201910271555,857,毕节,3254.86
201910271600,857,毕节,3261.11
201910271605,857,毕节,3197.75
201910271610,857,毕节,3242.06
201910271615,857,毕节,3175.42
201910271620,857,毕节,3193.78
201910271625,857,毕节,3260.56
201910271630,857,毕节,3185.97
201910271635,857,毕节,3267.95
201910271640,857,毕节,3190.93
201910271645,857,毕节,3294.95
201910271650,857,毕节,3183.70
201910271655,857,毕节,3183.50
201910271700,857,毕节,3192.81
201910271705,857,毕节,3138.72
201910271710,857,毕节,3164.54
201910271715,857,毕节,3161.32
201910271720,857,毕节,3146.81
201910271725,857,毕节,3230.32
201910271730,857,毕节,3127.31
201910271735,857,毕节,2964.65
201910271740,857,毕节,3100.97
201910271745,857,毕节,3122.80
201910271750,857,毕节,3120.17
201910271755,857,毕节,3127.13
201910271800,857,毕节,3104.66
201910271805,857,毕节,3182.23
201910271810,857,毕节,3114.46
201910271815,857,毕节,3213.18
201910271820,857,毕节,3253.46
201910271825,857,毕节,3192.18
201910271830,857,毕节,3304.71
201910271835,857,毕节,3261.39
201910271840,857,毕节,3311.44
201910271845,857,毕节,3436.48
201910271850,857,毕节,3523.55
201910271855,857,毕节,3492.56
201910271900,857,毕节,3560.66
201910271905,857,毕节,3605.66
201910271910,857,毕节,3689.10
201910271915,857,毕节,3741.94
201910271920,857,毕节,3872.61
201910271925,857,毕节,3855.25
201910271930,857,毕节,4047.69
201910271935,857,毕节,4003.45
201910271940,857,毕节,4075.00
201910271945,857,毕节,4203.77
201910271950,857,毕节,4210.50
201910271955,857,毕节,4265.99
201910272000,857,毕节,4220.57
201910272005,857,毕节,4257.60
201910272010,857,毕节,4453.41
201910272015,857,毕节,4367.55
201910272020,857,毕节,4545.36
201910272025,857,毕节,4467.05
201910272030,857,毕节,4599.65
201910272035,857,毕节,4624.36
201910272040,857,毕节,4622.90
201910272045,857,毕节,4581.04
201910272050,857,毕节,4571.12
201910272055,857,毕节,4672.30
201910272100,857,毕节,4533.54
201910272105,857,毕节,4561.54
201910272110,857,毕节,4569.37
201910272115,857,毕节,4565.30
201910272120,857,毕节,4645.43
201910272125,857,毕节,4583.31
201910272130,857,毕节,4644.53
201910272135,857,毕节,4482.81
201910272140,857,毕节,4469.49
201910272145,857,毕节,4436.70
201910272150,857,毕节,4566.53
201910272155,857,毕节,4448.60
201910272200,857,毕节,4417.84
201910272205,857,毕节,4343.30
201910272210,857,毕节,4332.36
201910272215,857,毕节,4367.86
201910272220,857,毕节,4340.09
201910272225,857,毕节,4217.33
201910272230,857,毕节,4172.21
201910272235,857,毕节,4135.53
201910272240,857,毕节,4055.92
201910272245,857,毕节,3928.19
201910272250,857,毕节,3908.39
201910272255,857,毕节,3865.30
201910272300,857,毕节,3683.13
201910272305,857,毕节,3666.44
201910272310,857,毕节,3551.00
201910272315,857,毕节,3475.74
201910272320,857,毕节,3344.27
201910272325,857,毕节,3262.84
201910272330,857,毕节,3306.33
201910272335,857,毕节,3098.51
201910272340,857,毕节,3051.75
201910272345,857,毕节,2899.56
201910272350,857,毕节,2809.76
201910272355,857,毕节,2720.72
201910280000,857,毕节,2641.75
201910280005,857,毕节,2575.16
201910280010,857,毕节,2505.92
201910280015,857,毕节,2310.05
201910280020,857,毕节,2289.97
201910280025,857,毕节,2150.07
201910280030,857,毕节,2092.69
201910280035,857,毕节,2055.48
201910280040,857,毕节,1937.28
201910280045,857,毕节,1855.43
201910280050,857,毕节,1739.71
201910280055,857,毕节,1674.30
201910280100,857,毕节,1662.07
201910280105,857,毕节,1521.64
201910280110,857,毕节,1494.26
201910280115,857,毕节,1413.01
201910280120,857,毕节,1391.60
201910280125,857,毕节,1318.60
201910280130,857,毕节,1281.91
201910280135,857,毕节,1185.38
201910280140,857,毕节,1130.68
201910280145,857,毕节,1105.36
201910280150,857,毕节,1049.90
201910280155,857,毕节,1017.92
201910280200,857,毕节,997.48
201910280205,857,毕节,948.84
201910280210,857,毕节,932.42
201910280215,857,毕节,916.87
201910280220,857,毕节,892.26
201910280225,857,毕节,836.29
201910280230,857,毕节,815.67
201910280235,857,毕节,790.70
201910280240,857,毕节,737.59
201910280245,857,毕节,735.29
201910280250,857,毕节,706.97
201910280255,857,毕节,678.69
201910280300,857,毕节,668.63
201910280305,857,毕节,631.81
201910280310,857,毕节,622.29
201910280315,857,毕节,602.39
201910280320,857,毕节,600.65
201910280325,857,毕节,569.39
201910280330,857,毕节,563.47
201910280335,857,毕节,532.73
201910280340,857,毕节,518.55
201910280345,857,毕节,507.65
201910280350,857,毕节,492.87
201910280355,857,毕节,481.30
201910280400,857,毕节,474.73
201910280405,857,毕节,486.62
201910280410,857,毕节,457.76
201910280415,857,毕节,463.28
201910280420,857,毕节,444.45
201910280425,857,毕节,418.78
201910280430,857,毕节,424.29
201910280435,857,毕节,424.86
201910280440,857,毕节,406.38
201910280445,857,毕节,409.29
201910280450,857,毕节,409.72
201910280455,857,毕节,403.78
201910280500,857,毕节,386.32
201910280505,857,毕节,392.87
201910280510,857,毕节,382.60
201910280515,857,毕节,385.12
201910280520,857,毕节,394.48
201910280525,857,毕节,386.18
201910280530,857,毕节,406.28
201910280535,857,毕节,414.61
201910280540,857,毕节,433.99
201910280545,857,毕节,452.52
201910280550,857,毕节,461.82
201910280555,857,毕节,479.41
201910280600,857,毕节,515.83
201910280605,857,毕节,533.85
201910280610,857,毕节,574.29
201910280615,857,毕节,615.53
201910280620,857,毕节,654.99
201910280625,857,毕节,702.38
201910280630,857,毕节,743.93
201910280635,857,毕节,791.07
201910280640,857,毕节,862.68
201910280645,857,毕节,899.52
201910280650,857,毕节,971.46
201910280655,857,毕节,1020.87
201910280700,857,毕节,1088.05
201910280705,857,毕节,1176.30
201910280710,857,毕节,1236.23
201910280715,857,毕节,1321.51
201910280720,857,毕节,1361.13
201910280725,857,毕节,1397.47
201910280730,857,毕节,1479.84
201910280735,857,毕节,1521.44
201910280740,857,毕节,1568.58
201910280745,857,毕节,1604.92
201910280750,857,毕节,1690.27
201910280755,857,毕节,1704.34
201910280800,857,毕节,1760.58
201910280805,857,毕节,1766.46
201910280810,857,毕节,1783.68
201910280815,857,毕节,1846.32
201910280820,857,毕节,1839.93
201910280825,857,毕节,1880.08
201910280830,857,毕节,1868.87
201910280835,857,毕节,1887.90
201910280840,857,毕节,1906.90
201910280845,857,毕节,1958.81
201910280850,857,毕节,1943.37
201910280855,857,毕节,1941.95
201910280900,857,毕节,1973.84
201910280905,857,毕节,2022.77
201910280910,857,毕节,2043.14
201910280915,857,毕节,2016.79
201910280920,857,毕节,2034.69
201910280925,857,毕节,2090.45
201910280930,857,毕节,2119.67
201910280935,857,毕节,2074.84
201910280940,857,毕节,2101.56
201910280945,857,毕节,2159.74
201910280950,857,毕节,2125.54
201910280955,857,毕节,2134.79
201910281000,857,毕节,2151.07
201910281005,857,毕节,2231.98
201910281010,857,毕节,2192.07
201910281015,857,毕节,2204.10
201910281020,857,毕节,2277.06
201910281025,857,毕节,2232.14
201910281030,857,毕节,2244.09
201910281035,857,毕节,2321.90
201910281040,857,毕节,2289.34
201910281045,857,毕节,2279.98
201910281050,857,毕节,2302.91
201910281055,857,毕节,2321.09
201910270000,857,毕节,2978.36
201910270005,857,毕节,2842.69
201910270010,857,毕节,2748.76
201910270015,857,毕节,2685.30
201910270020,857,毕节,2615.04
201910270025,857,毕节,2510.90
201910270030,857,毕节,2406.16
201910270035,857,毕节,2299.11
201910270040,857,毕节,2219.79
201910270045,857,毕节,2140.54
201910270050,857,毕节,2059.68
201910270055,857,毕节,1985.73
201910270100,857,毕节,1963.95
201910270105,857,毕节,1836.91
201910270110,857,毕节,1779.41
201910270115,857,毕节,1723.37
201910270120,857,毕节,1745.79
201910270125,857,毕节,1575.08
201910270130,857,毕节,1529.97
201910270135,857,毕节,1499.05
201910270140,857,毕节,1407.33
201910270145,857,毕节,1342.84
201910270150,857,毕节,1323.03
201910270155,857,毕节,1253.32
201910270200,857,毕节,1192.90
201910270205,857,毕节,1137.90
201910270210,857,毕节,1130.97
201910270215,857,毕节,1085.99
201910270220,857,毕节,1040.76
201910270225,857,毕节,1015.16
201910270230,857,毕节,961.20
201910270235,857,毕节,955.87
201910270240,857,毕节,898.53
201910270245,857,毕节,860.11
201910270250,857,毕节,848.21
201910270255,857,毕节,827.28
201910270300,857,毕节,812.52
201910270305,857,毕节,753.55
201910270310,857,毕节,730.18
201910270315,857,毕节,725.29
201910270320,857,毕节,699.15
201910270325,857,毕节,674.85
201910270330,857,毕节,665.45
201910270335,857,毕节,635.66
201910270340,857,毕节,611.70
201910270345,857,毕节,608.21
201910270350,857,毕节,586.67
201910270355,857,毕节,565.45
201910270400,857,毕节,547.12
201910270405,857,毕节,528.88
201910270410,857,毕节,527.93
201910270415,857,毕节,511.39
201910270420,857,毕节,481.42
201910270425,857,毕节,484.69
201910270430,857,毕节,480.74
201910270435,857,毕节,460.56
201910270440,857,毕节,457.24
201910270445,857,毕节,453.87
201910270450,857,毕节,440.37
201910270455,857,毕节,446.45
201910270500,857,毕节,441.60
201910270505,857,毕节,429.32
201910270510,857,毕节,442.68
201910270515,857,毕节,425.57
201910270520,857,毕节,443.94
201910270525,857,毕节,436.43
201910270530,857,毕节,451.66
201910270535,857,毕节,455.20
201910270540,857,毕节,467.95
201910270545,857,毕节,483.63
201910270550,857,毕节,505.95
201910270555,857,毕节,517.29
201910270600,857,毕节,526.63
201910270605,857,毕节,557.11
201910270610,857,毕节,575.17
201910270615,857,毕节,594.85
201910270620,857,毕节,628.73
201910270625,857,毕节,669.85
201910270630,857,毕节,698.15
201910270635,857,毕节,757.66
201910270640,857,毕节,816.52
201910270645,857,毕节,856.68
201910270650,857,毕节,897.39
201910270655,857,毕节,973.00
201910270700,857,毕节,1080.32
201910270705,857,毕节,1147.32
201910270710,857,毕节,1249.90
201910270715,857,毕节,1325.39
201910270720,857,毕节,1434.11
201910270725,857,毕节,1521.65
201910270730,857,毕节,1623.79
201910270735,857,毕节,1665.66
201910270740,857,毕节,1757.10
201910270745,857,毕节,1874.65
201910270750,857,毕节,1909.46
201910270755,857,毕节,1982.09
201910270800,857,毕节,2066.18
201910270805,857,毕节,2164.46
201910270810,857,毕节,2226.21
201910270815,857,毕节,2213.88
201910270820,857,毕节,2308.38
201910270825,857,毕节,2304.50
201910270830,857,毕节,2408.75
201910270835,857,毕节,2415.37
201910270840,857,毕节,2474.96
201910270845,857,毕节,2500.67
201910270850,857,毕节,2535.42
201910270855,857,毕节,2608.49
201910270900,857,毕节,2670.42
201910270905,857,毕节,2625.92
201910270910,857,毕节,2700.09
201910270915,857,毕节,2720.56
201910270920,857,毕节,2686.15
201910270925,857,毕节,2700.10
201910270930,857,毕节,2786.53
201910270935,857,毕节,2781.20
201910270940,857,毕节,2852.64
201910270945,857,毕节,2782.65
201910270950,857,毕节,2894.94
201910270955,857,毕节,2864.27
201910271000,857,毕节,2886.39
201910271005,857,毕节,2881.68
201910271010,857,毕节,2901.91
201910271015,857,毕节,2938.62
201910271020,857,毕节,2930.69
201910271025,857,毕节,2974.92
201910271030,857,毕节,3067.77
201910271035,857,毕节,3105.54
201910271040,857,毕节,3090.51
201910271045,857,毕节,3067.97
201910271050,857,毕节,3134.38
201910271055,857,毕节,3184.49
201910271100,857,毕节,3175.93
201910271105,857,毕节,3196.31
201910271110,857,毕节,3121.20
201910271115,857,毕节,3234.21
201910271120,857,毕节,3173.63
201910271125,857,毕节,3180.44
201910271130,857,毕节,3262.98
201910271135,857,毕节,3187.31
201910271140,857,毕节,3214.30
201910271145,857,毕节,3196.19
201910271150,857,毕节,3303.93
201910271155,857,毕节,3231.30
201910271200,857,毕节,3190.43
201910271205,857,毕节,3274.20
201910271210,857,毕节,3213.72
201910271215,857,毕节,3329.82
201910271220,857,毕节,3279.74
201910271225,857,毕节,3408.06
201910271230,857,毕节,3390.25
201910271235,857,毕节,3396.81
201910271240,857,毕节,3400.65
201910271245,857,毕节,3414.35
201910271250,857,毕节,3492.77
201910271255,857,毕节,3342.64
201910271300,857,毕节,3362.03
201910271305,857,毕节,3327.12
201910271310,857,毕节,3313.10
201910271315,857,毕节,3296.27
201910271320,857,毕节,3289.99
201910271325,857,毕节,3357.86
201910271330,857,毕节,3284.18
201910271335,857,毕节,3343.32
201910271340,857,毕节,3242.17
201910271345,857,毕节,3329.85
201910271350,857,毕节,3323.16
201910271355,857,毕节,3223.40
201910271400,857,毕节,3187.86
201910271405,857,毕节,3272.47
201910271410,857,毕节,3193.66
201910271415,857,毕节,3278.92
201910271420,857,毕节,3220.23
201910271425,857,毕节,3261.28
201910271430,857,毕节,3293.48
201910271435,857,毕节,3160.96
201910271440,857,毕节,3196.69
201910271445,857,毕节,3176.28
201910271450,857,毕节,3184.66
201910271455,857,毕节,3173.13
201910271500,857,毕节,3276.66
201910271505,857,毕节,3178.87
201910271510,857,毕节,3286.35
201910271515,857,毕节,3254.23
201910271520,857,毕节,3187.81
201910271525,857,毕节,3205.72
201910271530,857,毕节,3162.38
201910271535,857,毕节,3177.90
201910271540,857,毕节,3175.13
201910271545,857,毕节,3269.48
201910271550,857,毕节,3206.40
201910271555,857,毕节,3254.86
201910271600,857,毕节,3261.11
201910271605,857,毕节,3197.75
201910271610,857,毕节,3242.06
201910271615,857,毕节,3175.42
201910271620,857,毕节,3193.78
201910271625,857,毕节,3260.56
201910271630,857,毕节,3185.97
201910271635,857,毕节,3267.95
201910271640,857,毕节,3190.93
201910271645,857,毕节,3294.95
201910271650,857,毕节,3183.70
201910271655,857,毕节,3183.50
201910271700,857,毕节,3192.81
201910271705,857,毕节,3138.72
201910271710,857,毕节,3164.54
201910271715,857,毕节,3161.32
201910271720,857,毕节,3146.81
201910271725,857,毕节,3230.32
201910271730,857,毕节,3127.31
201910271735,857,毕节,2964.65
201910271740,857,毕节,3100.97
201910271745,857,毕节,3122.80
201910271750,857,毕节,3120.17
201910271755,857,毕节,3127.13
201910271800,857,毕节,3104.66
201910271805,857,毕节,3182.23
201910271810,857,毕节,3114.46
201910271815,857,毕节,3213.18
201910271820,857,毕节,3253.46
201910271825,857,毕节,3192.18
201910271830,857,毕节,3304.71
201910271835,857,毕节,3261.39
201910271840,857,毕节,3311.44
201910271845,857,毕节,3436.48
201910271850,857,毕节,3523.55
201910271855,857,毕节,3492.56
201910271900,857,毕节,3560.66
201910271905,857,毕节,3605.66
201910271910,857,毕节,3689.10
201910271915,857,毕节,3741.94
201910271920,857,毕节,3872.61
201910271925,857,毕节,3855.25
201910271930,857,毕节,4047.69
201910271935,857,毕节,4003.45
201910271940,857,毕节,4075.00
201910271945,857,毕节,4203.77
201910271950,857,毕节,4210.50
201910271955,857,毕节,4265.99
201910272000,857,毕节,4220.57
201910272005,857,毕节,4257.60
201910272010,857,毕节,4453.41
201910272015,857,毕节,4367.55
201910272020,857,毕节,4545.36
201910272025,857,毕节,4467.05
201910272030,857,毕节,4599.65
201910272035,857,毕节,4624.36
201910272040,857,毕节,4622.90
201910272045,857,毕节,4581.04
201910272050,857,毕节,4571.12
201910272055,857,毕节,4672.30
201910272100,857,毕节,4533.54
201910272105,857,毕节,4561.54
201910272110,857,毕节,4569.37
201910272115,857,毕节,4565.30
201910272120,857,毕节,4645.43
201910272125,857,毕节,4583.31
201910272130,857,毕节,4644.53
201910272135,857,毕节,4482.81
201910272140,857,毕节,4469.49
201910272145,857,毕节,4436.70
201910272150,857,毕节,4566.53
201910272155,857,毕节,4448.60
201910272200,857,毕节,4417.84
201910272205,857,毕节,4343.30
201910272210,857,毕节,4332.36
201910272215,857,毕节,4367.86
201910272220,857,毕节,4340.09
201910272225,857,毕节,4217.33
201910272230,857,毕节,4172.21
201910272235,857,毕节,4135.53
201910272240,857,毕节,4055.92
201910272245,857,毕节,3928.19
201910272250,857,毕节,3908.39
201910272255,857,毕节,3865.30
201910272300,857,毕节,3683.13
201910272305,857,毕节,3666.44
201910272310,857,毕节,3551.00
201910272315,857,毕节,3475.74
201910272320,857,毕节,3344.27
201910272325,857,毕节,3262.84
201910272330,857,毕节,3306.33
201910272335,857,毕节,3098.51
201910272340,857,毕节,3051.75
201910272345,857,毕节,2899.56
201910272350,857,毕节,2809.76
201910272355,857,毕节,2720.72
201910280000,857,毕节,2641.75
201910280005,857,毕节,2575.16
201910280010,857,毕节,2505.92
201910280015,857,毕节,2310.05
201910280020,857,毕节,2289.97
201910280025,857,毕节,2150.07
201910280030,857,毕节,2092.69
201910280035,857,毕节,2055.48
201910280040,857,毕节,1937.28
201910280045,857,毕节,1855.43
201910280050,857,毕节,1739.71
201910280055,857,毕节,1674.30
201910280100,857,毕节,1662.07
201910280105,857,毕节,1521.64
201910280110,857,毕节,1494.26
201910280115,857,毕节,1413.01
201910280120,857,毕节,1391.60
201910280125,857,毕节,1318.60
201910280130,857,毕节,1281.91
201910280135,857,毕节,1185.38
201910280140,857,毕节,1130.68
201910280145,857,毕节,1105.36
201910280150,857,毕节,1049.90
201910280155,857,毕节,1017.92
201910280200,857,毕节,997.48
201910280205,857,毕节,948.84
201910280210,857,毕节,932.42
201910280215,857,毕节,916.87
201910280220,857,毕节,892.26
201910280225,857,毕节,836.29
201910280230,857,毕节,815.67
201910280235,857,毕节,790.70
201910280240,857,毕节,737.59
201910280245,857,毕节,735.29
201910280250,857,毕节,706.97
201910280255,857,毕节,678.69
201910280300,857,毕节,668.63
201910280305,857,毕节,631.81
201910280310,857,毕节,622.29
201910280315,857,毕节,602.39
201910280320,857,毕节,600.65
201910280325,857,毕节,569.39
201910280330,857,毕节,563.47
201910280335,857,毕节,532.73
201910280340,857,毕节,518.55
201910280345,857,毕节,507.65
201910280350,857,毕节,492.87
201910280355,857,毕节,481.30
201910280400,857,毕节,474.73
201910280405,857,毕节,486.62
201910280410,857,毕节,457.76
201910280415,857,毕节,463.28
201910280420,857,毕节,444.45
201910280425,857,毕节,418.78
201910280430,857,毕节,424.29
201910280435,857,毕节,424.86
201910280440,857,毕节,406.38
201910280445,857,毕节,409.29
201910280450,857,毕节,409.72
201910280455,857,毕节,403.78
201910280500,857,毕节,386.32
201910280505,857,毕节,392.87
201910280510,857,毕节,382.60
201910280515,857,毕节,385.12
201910280520,857,毕节,394.48
201910280525,857,毕节,386.18
201910280530,857,毕节,406.28
201910280535,857,毕节,414.61
201910280540,857,毕节,433.99
201910280545,857,毕节,452.52
201910280550,857,毕节,461.82
201910280555,857,毕节,479.41
201910280600,857,毕节,515.83
201910280605,857,毕节,533.85
201910280610,857,毕节,574.29
201910280615,857,毕节,615.53
201910280620,857,毕节,654.99
201910280625,857,毕节,702.38
201910280630,857,毕节,743.93
201910280635,857,毕节,791.07
201910280640,857,毕节,862.68
201910280645,857,毕节,899.52
201910280650,857,毕节,971.46
201910280655,857,毕节,1020.87
201910280700,857,毕节,1088.05
201910280705,857,毕节,1176.30
201910280710,857,毕节,1236.23
201910280715,857,毕节,1321.51
201910280720,857,毕节,1361.13
201910280725,857,毕节,1397.47
201910280730,857,毕节,1479.84
201910280735,857,毕节,1521.44
201910280740,857,毕节,1568.58
201910280745,857,毕节,1604.92
201910280750,857,毕节,1690.27
201910280755,857,毕节,1704.34
201910280800,857,毕节,1760.58
201910280805,857,毕节,1766.46
201910280810,857,毕节,1783.68
201910280815,857,毕节,1846.32
201910280820,857,毕节,1839.93
201910280825,857,毕节,1880.08
201910280830,857,毕节,1868.87
201910280835,857,毕节,1887.90
201910280840,857,毕节,1906.90
201910280845,857,毕节,1958.81
201910280850,857,毕节,1943.37
201910280855,857,毕节,1941.95
201910280900,857,毕节,1973.84
201910280905,857,毕节,2022.77
201910280910,857,毕节,2043.14
201910280915,857,毕节,2016.79
201910280920,857,毕节,2034.69
201910280925,857,毕节,2090.45
201910280930,857,毕节,2119.67
201910280935,857,毕节,2074.84
201910280940,857,毕节,2101.56
201910280945,857,毕节,2159.74
201910280950,857,毕节,2125.54
201910280955,857,毕节,2134.79
201910281000,857,毕节,2151.07
201910281005,857,毕节,2231.98
201910281010,857,毕节,2192.07
201910281015,857,毕节,2204.10
201910281020,857,毕节,2277.06
201910281025,857,毕节,2232.14
201910281030,857,毕节,2244.09
201910281035,857,毕节,2321.90
201910281040,857,毕节,2289.34
201910281045,857,毕节,2279.98
201910281050,857,毕节,2302.91
201910281055,857,毕节,2321.09
201910270000,857,毕节,2978.36
201910270005,857,毕节,2842.69
201910270010,857,毕节,2748.76
201910270015,857,毕节,2685.30
201910270020,857,毕节,2615.04
201910270025,857,毕节,2510.90
201910270030,857,毕节,2406.16
201910270035,857,毕节,2299.11
201910270040,857,毕节,2219.79
201910270045,857,毕节,2140.54
201910270050,857,毕节,2059.68
201910270055,857,毕节,1985.73
201910270100,857,毕节,1963.95
201910270105,857,毕节,1836.91
201910270110,857,毕节,1779.41
201910270115,857,毕节,1723.37
201910270120,857,毕节,1745.79
201910270125,857,毕节,1575.08
201910270130,857,毕节,1529.97
201910270135,857,毕节,1499.05
201910270140,857,毕节,1407.33
201910270145,857,毕节,1342.84
201910270150,857,毕节,1323.03
201910270155,857,毕节,1253.32
201910270200,857,毕节,1192.90
201910270205,857,毕节,1137.90
201910270210,857,毕节,1130.97
201910270215,857,毕节,1085.99
201910270220,857,毕节,1040.76
201910270225,857,毕节,1015.16
201910270230,857,毕节,961.20
201910270235,857,毕节,955.87
201910270240,857,毕节,898.53
201910270245,857,毕节,860.11
201910270250,857,毕节,848.21
201910270255,857,毕节,827.28
201910270300,857,毕节,812.52
201910270305,857,毕节,753.55
201910270310,857,毕节,730.18
201910270315,857,毕节,725.29
201910270320,857,毕节,699.15
201910270325,857,毕节,674.85
201910270330,857,毕节,665.45
201910270335,857,毕节,635.66
201910270340,857,毕节,611.70
201910270345,857,毕节,608.21
201910270350,857,毕节,586.67
201910270355,857,毕节,565.45
201910270400,857,毕节,547.12
201910270405,857,毕节,528.88
201910270410,857,毕节,527.93
201910270415,857,毕节,511.39
201910270420,857,毕节,481.42
201910270425,857,毕节,484.69
201910270430,857,毕节,480.74
201910270435,857,毕节,460.56
201910270440,857,毕节,457.24
201910270445,857,毕节,453.87
201910270450,857,毕节,440.37
201910270455,857,毕节,446.45
201910270500,857,毕节,441.60
201910270505,857,毕节,429.32
201910270510,857,毕节,442.68
201910270515,857,毕节,425.57
201910270520,857,毕节,443.94
201910270525,857,毕节,436.43
201910270530,857,毕节,451.66
201910270535,857,毕节,455.20
201910270540,857,毕节,467.95
201910270545,857,毕节,483.63
201910270550,857,毕节,505.95
201910270555,857,毕节,517.29
201910270600,857,毕节,526.63
201910270605,857,毕节,557.11
201910270610,857,毕节,575.17
201910270615,857,毕节,594.85
201910270620,857,毕节,628.73
201910270625,857,毕节,669.85
201910270630,857,毕节,698.15
201910270635,857,毕节,757.66
201910270640,857,毕节,816.52
201910270645,857,毕节,856.68
201910270650,857,毕节,897.39
201910270655,857,毕节,973.00
201910270700,857,毕节,1080.32
201910270705,857,毕节,1147.32
201910270710,857,毕节,1249.90
201910270715,857,毕节,1325.39
201910270720,857,毕节,1434.11
201910270725,857,毕节,1521.65
201910270730,857,毕节,1623.79
201910270735,857,毕节,1665.66
201910270740,857,毕节,1757.10
201910270745,857,毕节,1874.65
201910270750,857,毕节,1909.46
201910270755,857,毕节,1982.09
201910270800,857,毕节,2066.18
201910270805,857,毕节,2164.46
201910270810,857,毕节,2226.21
201910270815,857,毕节,2213.88
201910270820,857,毕节,2308.38
201910270825,857,毕节,2304.50
201910270830,857,毕节,2408.75
201910270835,857,毕节,2415.37
201910270840,857,毕节,2474.96
201910270845,857,毕节,2500.67
201910270850,857,毕节,2535.42
201910270855,857,毕节,2608.49
201910270900,857,毕节,2670.42
201910270905,857,毕节,2625.92
201910270910,857,毕节,2700.09
201910270915,857,毕节,2720.56
201910270920,857,毕节,2686.15
201910270925,857,毕节,2700.10
201910270930,857,毕节,2786.53
201910270935,857,毕节,2781.20
201910270940,857,毕节,2852.64
201910270945,857,毕节,2782.65
201910270950,857,毕节,2894.94
201910270955,857,毕节,2864.27
201910271000,857,毕节,2886.39
201910271005,857,毕节,2881.68
201910271010,857,毕节,2901.91
201910271015,857,毕节,2938.62
201910271020,857,毕节,2930.69
201910271025,857,毕节,2974.92
201910271030,857,毕节,3067.77
201910271035,857,毕节,3105.54
201910271040,857,毕节,3090.51
201910271045,857,毕节,3067.97
201910271050,857,毕节,3134.38
201910271055,857,毕节,3184.49
201910271100,857,毕节,3175.93
201910271105,857,毕节,3196.31
201910271110,857,毕节,3121.20
201910271115,857,毕节,3234.21
201910271120,857,毕节,3173.63
201910271125,857,毕节,3180.44
201910271130,857,毕节,3262.98
201910271135,857,毕节,3187.31
201910271140,857,毕节,3214.30
201910271145,857,毕节,3196.19
201910271150,857,毕节,3303.93
201910271155,857,毕节,3231.30
201910271200,857,毕节,3190.43
201910271205,857,毕节,3274.20
201910271210,857,毕节,3213.72
201910271215,857,毕节,3329.82
201910271220,857,毕节,3279.74
201910271225,857,毕节,3408.06
201910271230,857,毕节,3390.25
201910271235,857,毕节,3396.81
201910271240,857,毕节,3400.65
201910271245,857,毕节,3414.35
201910271250,857,毕节,3492.77
201910271255,857,毕节,3342.64
201910271300,857,毕节,3362.03
201910271305,857,毕节,3327.12
201910271310,857,毕节,3313.10
201910271315,857,毕节,3296.27
201910271320,857,毕节,3289.99
201910271325,857,毕节,3357.86
201910271330,857,毕节,3284.18
201910271335,857,毕节,3343.32
201910271340,857,毕节,3242.17
201910271345,857,毕节,3329.85
201910271350,857,毕节,3323.16
201910271355,857,毕节,3223.40
201910271400,857,毕节,3187.86
201910271405,857,毕节,3272.47
201910271410,857,毕节,3193.66
201910271415,857,毕节,3278.92
201910271420,857,毕节,3220.23
201910271425,857,毕节,3261.28
201910271430,857,毕节,3293.48
201910271435,857,毕节,3160.96
201910271440,857,毕节,3196.69
201910271445,857,毕节,3176.28
201910271450,857,毕节,3184.66
201910271455,857,毕节,3173.13
201910271500,857,毕节,3276.66
201910271505,857,毕节,3178.87
201910271510,857,毕节,3286.35
201910271515,857,毕节,3254.23
201910271520,857,毕节,3187.81
201910271525,857,毕节,3205.72
201910271530,857,毕节,3162.38
201910271535,857,毕节,3177.90
201910271540,857,毕节,3175.13
201910271545,857,毕节,3269.48
201910271550,857,毕节,3206.40
201910271555,857,毕节,3254.86
201910271600,857,毕节,3261.11
201910271605,857,毕节,3197.75
201910271610,857,毕节,3242.06
201910271615,857,毕节,3175.42
201910271620,857,毕节,3193.78
201910271625,857,毕节,3260.56
201910271630,857,毕节,3185.97
201910271635,857,毕节,3267.95
201910271640,857,毕节,3190.93
201910271645,857,毕节,3294.95
201910271650,857,毕节,3183.70
201910271655,857,毕节,3183.50
201910271700,857,毕节,3192.81
201910271705,857,毕节,3138.72
201910271710,857,毕节,3164.54
201910271715,857,毕节,3161.32
201910271720,857,毕节,3146.81
201910271725,857,毕节,3230.32
201910271730,857,毕节,3127.31
201910271735,857,毕节,2964.65
201910271740,857,毕节,3100.97
201910271745,857,毕节,3122.80
201910271750,857,毕节,3120.17
201910271755,857,毕节,3127.13
201910271800,857,毕节,3104.66
201910271805,857,毕节,3182.23
201910271810,857,毕节,3114.46
201910271815,857,毕节,3213.18
201910271820,857,毕节,3253.46
201910271825,857,毕节,3192.18
201910271830,857,毕节,3304.71
201910271835,857,毕节,3261.39
201910271840,857,毕节,3311.44
201910271845,857,毕节,3436.48
201910271850,857,毕节,3523.55
201910271855,857,毕节,3492.56
201910271900,857,毕节,3560.66
201910271905,857,毕节,3605.66
201910271910,857,毕节,3689.10
201910271915,857,毕节,3741.94
201910271920,857,毕节,3872.61
201910271925,857,毕节,3855.25
201910271930,857,毕节,4047.69
201910271935,857,毕节,4003.45
201910271940,857,毕节,4075.00
201910271945,857,毕节,4203.77
201910271950,857,毕节,4210.50
201910271955,857,毕节,4265.99
201910272000,857,毕节,4220.57
201910272005,857,毕节,4257.60
201910272010,857,毕节,4453.41
201910272015,857,毕节,4367.55
201910272020,857,毕节,4545.36
201910272025,857,毕节,4467.05
201910272030,857,毕节,4599.65
201910272035,857,毕节,4624.36
201910272040,857,毕节,4622.90
201910272045,857,毕节,4581.04
201910272050,857,毕节,4571.12
201910272055,857,毕节,4672.30
201910272100,857,毕节,4533.54
201910272105,857,毕节,4561.54
201910272110,857,毕节,4569.37
201910272115,857,毕节,4565.30
201910272120,857,毕节,4645.43
201910272125,857,毕节,4583.31
201910272130,857,毕节,4644.53
201910272135,857,毕节,4482.81
201910272140,857,毕节,4469.49
201910272145,857,毕节,4436.70
201910272150,857,毕节,4566.53
201910272155,857,毕节,4448.60
201910272200,857,毕节,4417.84
201910272205,857,毕节,4343.30
201910272210,857,毕节,4332.36
201910272215,857,毕节,4367.86
201910272220,857,毕节,4340.09
201910272225,857,毕节,4217.33
201910272230,857,毕节,4172.21
201910272235,857,毕节,4135.53
201910272240,857,毕节,4055.92
201910272245,857,毕节,3928.19
201910272250,857,毕节,3908.39
201910272255,857,毕节,3865.30
201910272300,857,毕节,3683.13
201910272305,857,毕节,3666.44
201910272310,857,毕节,3551.00
201910272315,857,毕节,3475.74
201910272320,857,毕节,3344.27
201910272325,857,毕节,3262.84
201910272330,857,毕节,3306.33
201910272335,857,毕节,3098.51
201910272340,857,毕节,3051.75
201910272345,857,毕节,2899.56
201910272350,857,毕节,2809.76
201910272355,857,毕节,2720.72
201910280000,857,毕节,2641.75
201910280005,857,毕节,2575.16
201910280010,857,毕节,2505.92
201910280015,857,毕节,2310.05
201910280020,857,毕节,2289.97
201910280025,857,毕节,2150.07
201910280030,857,毕节,2092.69
201910280035,857,毕节,2055.48
201910280040,857,毕节,1937.28
201910280045,857,毕节,1855.43
201910280050,857,毕节,1739.71
201910280055,857,毕节,1674.30
201910280100,857,毕节,1662.07
201910280105,857,毕节,1521.64
201910280110,857,毕节,1494.26
201910280115,857,毕节,1413.01
201910280120,857,毕节,1391.60
201910280125,857,毕节,1318.60
201910280130,857,毕节,1281.91
201910280135,857,毕节,1185.38
201910280140,857,毕节,1130.68
201910280145,857,毕节,1105.36
201910280150,857,毕节,1049.90
201910280155,857,毕节,1017.92
201910280200,857,毕节,997.48
201910280205,857,毕节,948.84
201910280210,857,毕节,932.42
201910280215,857,毕节,916.87
201910280220,857,毕节,892.26
201910280225,857,毕节,836.29
201910280230,857,毕节,815.67
201910280235,857,毕节,790.70
201910280240,857,毕节,737.59
201910280245,857,毕节,735.29
201910280250,857,毕节,706.97
201910280255,857,毕节,678.69
201910280300,857,毕节,668.63
201910280305,857,毕节,631.81
201910280310,857,毕节,622.29
201910280315,857,毕节,602.39
201910280320,857,毕节,600.65
201910280325,857,毕节,569.39
201910280330,857,毕节,563.47
201910280335,857,毕节,532.73
201910280340,857,毕节,518.55
201910280345,857,毕节,507.65
201910280350,857,毕节,492.87
201910280355,857,毕节,481.30
201910280400,857,毕节,474.73
201910280405,857,毕节,486.62
201910280410,857,毕节,457.76
201910280415,857,毕节,463.28
201910280420,857,毕节,444.45
201910280425,857,毕节,418.78
201910280430,857,毕节,424.29
201910280435,857,毕节,424.86
201910280440,857,毕节,406.38
201910280445,857,毕节,409.29
201910280450,857,毕节,409.72
201910280455,857,毕节,403.78
201910280500,857,毕节,386.32
201910280505,857,毕节,392.87
201910280510,857,毕节,382.60
201910280515,857,毕节,385.12
201910280520,857,毕节,394.48
201910280525,857,毕节,386.18
201910280530,857,毕节,406.28
201910280535,857,毕节,414.61
201910280540,857,毕节,433.99
201910280545,857,毕节,452.52
201910280550,857,毕节,461.82
201910280555,857,毕节,479.41
201910280600,857,毕节,515.83
201910280605,857,毕节,533.85
201910280610,857,毕节,574.29
201910280615,857,毕节,615.53
201910280620,857,毕节,654.99
201910280625,857,毕节,702.38
201910280630,857,毕节,743.93
201910280635,857,毕节,791.07
201910280640,857,毕节,862.68
201910280645,857,毕节,899.52
201910280650,857,毕节,971.46
201910280655,857,毕节,1020.87
201910280700,857,毕节,1088.05
201910280705,857,毕节,1176.30
201910280710,857,毕节,1236.23
201910280715,857,毕节,1321.51
201910280720,857,毕节,1361.13
201910280725,857,毕节,1397.47
201910280730,857,毕节,1479.84
201910280735,857,毕节,1521.44
201910280740,857,毕节,1568.58
201910280745,857,毕节,1604.92
201910280750,857,毕节,1690.27
201910280755,857,毕节,1704.34
201910280800,857,毕节,1760.58
201910280805,857,毕节,1766.46
201910280810,857,毕节,1783.68
201910280815,857,毕节,1846.32
201910280820,857,毕节,1839.93
201910280825,857,毕节,1880.08
201910280830,857,毕节,1868.87
201910280835,857,毕节,1887.90
201910280840,857,毕节,1906.90
201910280845,857,毕节,1958.81
201910280850,857,毕节,1943.37
201910280855,857,毕节,1941.95
201910280900,857,毕节,1973.84
201910280905,857,毕节,2022.77
201910280910,857,毕节,2043.14
201910280915,857,毕节,2016.79
201910280920,857,毕节,2034.69
201910280925,857,毕节,2090.45
201910280930,857,毕节,2119.67
201910280935,857,毕节,2074.84
201910280940,857,毕节,2101.56
201910280945,857,毕节,2159.74
201910280950,857,毕节,2125.54
201910280955,857,毕节,2134.79
201910281000,857,毕节,2151.07
201910281005,857,毕节,2231.98
201910281010,857,毕节,2192.07
201910281015,857,毕节,2204.10
201910281020,857,毕节,2277.06
201910281025,857,毕节,2232.14
201910281030,857,毕节,2244.09
201910281035,857,毕节,2321.90
201910281040,857,毕节,2289.34
201910281045,857,毕节,2279.98
201910281050,857,毕节,2302.91
201910281055,857,毕节,2321.09
